0
0.000762645
0.00152529
0.0027228
0.00458149
0.0081982
0.0118149
0.0154316
0.0242217
0.0330117
0.0482653
0.0635189
0.0981139
0.175543
0.252972
0.330401
0.407829
0.485258
0.562687
0.640116
0.717545
0.841194
0.964844
1.1755
1.38616
1.59682
1.80748
2.01813
2.36674
2.71535
3.06396
3.62069
4.17741
4.73414
5.29086
5.84758
6.40431
6.96103
7.91518
8.86933
9.82348
10.7776
11.7318
12.6859
13.6401
14.5942
15.5484
16.5025
17.4567
18.4108
19.365
20.3191
21.2733
22.2274
23.1816
24.1357
25.0899
26.044
26.9982
27.9523
28.9065
29.8606
30.8148
31.7689
32.7231
33.6772
34.6313
35.5855
36.5396
37.4938
38.4479
39.4021
40.3562
41.3104
42.2645
43.2187
43.4572
43.6958
43.9343
44.1728
44.4114
44.6499
44.8884
45.127
45.3655
45.6041
45.8426
46.0811
46.3197
46.5582
46.7967
47.0353
47.2738
47.5124
47.7509
47.9894
48.228
48.4665
48.705
48.9436
49.1821
49.4207
49.6592
49.8977
50.1363
50.3748
50.6133
50.8519
51.0904
51.329
51.5675
51.806
52.0446
52.2831
52.5216
52.7602
52.9987
53.2372
53.4758
53.7143
53.9529
54.1914
54.4299
54.6685
54.907
55.1455
55.3841
55.6226
55.8612
56.0997
56.3382
56.5768
56.8153
57.0538
57.2924
57.5309
57.7695
58.008
58.2465
58.4851
58.7236
58.9621
59.2007
59.4392
59.6778
59.9163
60.1548
60.514
60.8733
61.2325
61.5917
61.9509
62.3101
62.6693
63.0286
63.3878
63.747
64.1062
64.4654
65.0357
65.6059
66.1762
67.1133
68.0504
68.9875
69.9245
70.8616
71.7987
72.7358
73.6729
74.61
75.5471
76.4842
77.4213
78.3583
79.2954
80.2325
81.1696
82.1067
82.341
82.4667
82.5923
82.718
82.8437
83.0556
83.2676
83.6416
84.321
85.0004
85.6799
86.3593
87.0387
87.7182
88.3976
89.077
89.7564
90.4359
91.1153
91.7947
92.4741
93.1536
93.833
94.5124
95.1918
95.8713
96.5507
97.2301
97.9096
98.589
99.2684
99.9478
100.627
101.307
101.986
102.666
103.345
104.024
104.704
105.383
106.063
106.742
107.422
108.101
108.78
109.46
110.139
110.819
111.498
112.178
112.857
113.536
114.216
114.895
115.575
116.254
116.933
117.613
118.292
118.972
119.651
120.331
121.01
121.689
122.369
123.048
123.728
124.407
125.087
125.766
126.445
127.125
127.804
128.484
129.163
129.843
130.522
131.201
131.881
132.56
133.24
133.919
134.599
135.278
135.957
136.637
137.316
137.996
138.675
139.355
140.034
140.713
141.393
142.072
142.752
143.431
144.111
144.79
145.469
146.149
146.828
147.508
148.187
148.867
149.546
150.225
150.905
151.584
152.264
152.943
153.623
154.302
154.981
155.661
156.34
157.02
157.699
158.379
159.058
159.737
160.417
161.096
161.776
162.455
163.134
163.814
164.493
165.173
165.852
166.532
167.211
167.89
168.57
169.249
169.929
170.608
171.288
171.967
172.646
173.326
174.005
174.685
175.364
176.044
176.723
177.402
178.082
178.761
179.441
180.12
180.8
181.479
182.158
182.838
183.517
184.197
184.876
185.556
186.235
186.914
187.594
188.273
188.953
189.632
190.312
190.991
191.67
192.35
193.029
193.709
194.388
195.068
195.747
196.426
197.106
197.785
198.465
199.144
199.824
200.503
201.182
201.862
202.541
203.221
203.9
204.58
205.259
205.938
206.618
207.297
207.977
208.656
209.336
210.015
210.694
211.374
212.053
212.733
213.412
214.091
214.771
215.45
216.13
216.809
217.489
218.168
218.847
219.527
220.206
220.886
221.565
222.245
222.924
223.603
224.283
224.962
225.642
226.321
227.001
227.17
227.34
227.51
227.797
228.085
228.372
229.047
229.722
230.397
231.072
231.747
232.422
233.097
233.772
234.447
235.122
235.797
236.472
237.148
237.823
238.498
239.173
239.848
240.523
241.198
241.873
242.548
243.223
243.898
244.573
245.248
245.923
246.598
247.273
247.948
248.623
249.298
249.973
250.648
251.323
251.998
252.673
253.348
254.023
254.698
255.373
256.049
256.724
257.399
258.074
258.749
259.424
260.099
260.774
261.449
262.124
262.799
263.474
264.149
264.824
265.499
266.174
266.849
267.524
268.199
268.874
269.549
270.224
270.899
271.574
272.249
272.924
273.599
274.274
274.95
275.625
276.3
276.975
277.65
278.325
279
279.675
280.35
281.025
281.7
282.375
283.05
283.725
284.4
285.075
285.75
286.425
287.1
287.775
288.45
289.125
289.8
290.475
291.15
291.825
292.5
293.175
293.85
294.526
295.201
295.876
296.551
297.226
297.901
298.576
299.251
299.926
300.601
301.276
301.951
302.626
303.301
303.976
304.651
305.326
306.001
306.676
307.351
308.026
308.701
309.376
310.051
310.726
311.401
312.076
312.751
313.427
314.102
314.777
315.452
316.127
316.802
317.477
318.152
318.827
319.502
320.177
320.852
321.527
322.202
322.877
323.552
324.227
324.902
325.577
326.252
326.927
327.602
328.277
328.952
329.627
330.302
330.977
331.652
332.328
333.003
333.678
334.353
335.028
335.703
336.378
337.053
337.728
338.403
339.078
339.753
340.428
341.103
341.778
342.453
343.128
343.803
344.478
345.153
345.828
346.503
347.178
347.853
348.528
349.203
349.878
350.553
351.229
351.904
352.579
353.254
353.929
354.604
355.279
355.954
356.629
357.304
357.979
358.654
359.329
360.004
360.679
361.354
362.029
362.704
363.379
364.054
364.729
365.404
366.079
366.754
367.429
368.104
368.779
369.454
370.13
370.805
371.48
372.155
372.83
373.505
374.18
374.855
375.53
376.205
376.88
377.555
378.23
378.905
379.58
380.255
380.93
381.605
382.28
382.955
383.63
384.305
384.98
385.655
386.33
387.005
387.68
388.355
389.03
389.706
390.381
391.056
391.731
392.406
393.081
393.756
394.431
395.106
395.781
396.456
397.131
397.806
398.481
399.156
399.831
400.506
401.181
401.856
402.531
403.206
403.881
404.556
405.231
405.906
406.581
407.256
407.931
408.607
409.282
409.957
410.632
411.307
411.982
412.657
413.332
414.007
414.682
415.357
416.032
416.707
417.382
418.057
418.732
419.407
420.082
420.757
421.432
422.107
422.782
423.457
424.132
424.807
425.482
426.157
426.832
427.508
428.183
428.858
429.533
430.208
430.883
431.558
432.233
432.908
433.583
434.258
434.933
435.608
436.283
436.958
437.633
438.308
438.983
439.658
440.333
441.008
441.683
442.358
443.033
443.708
444.383
445.058
445.733
446.409
447.084
447.759
448.434
449.109
449.784
450.459
451.134
451.809
452.484
453.159
453.834
454.509
455.184
455.859
456.534
457.209
457.884
458.559
459.234
459.909
460.584
461.259
461.934
462.609
463.284
463.959
464.634
465.31
465.985
466.66
467.335
468.01
468.685
469.36
470.035
470.71
471.385
472.06
472.735
473.41
474.085
474.76
475.435
476.11
476.785
477.46
478.135
478.81
479.485
480.16
480.835
481.51
482.185
482.86
483.535
484.21
484.886
485.561
486.236
486.911
487.586
488.261
488.936
489.611
490.286
490.961
491.636
492.311
492.986
493.661
494.336
495.011
495.686
496.361
497.036
497.711
498.386
499.061
499.736
500
500
500
500
500
500.001
500.003
500.004
500.006
500.01
500.016
500.023
500.029
500.036
500.047
500.059
500.07
500.09
500.109
500.146
500.183
500.22
500.257
500.294
500.358
500.421
500.485
500.586
500.688
500.848
501.104
501.361
501.617
501.874
502.131
502.387
502.644
502.901
503.157
503.414
503.671
503.927
504.184
504.441
504.697
504.954
505.13
505.305
505.481
505.657
505.833
506.009
506.184
506.36
506.536
506.712
506.888
507.063
507.239
507.415
507.591
507.766
507.942
508.118
508.294
508.47
508.645
508.821
508.997
509.173
509.349
509.524
509.7
509.876
510.052
510.227
510.403
510.579
510.755
510.931
511.106
511.282
511.458
511.634
511.81
511.985
512.161
512.337
512.513
512.688
512.864
513.04
513.216
513.392
513.567
513.611
513.655
513.699
513.743
513.787
513.875
513.962
514.049
514.137
514.224
514.246
514.268
514.301
514.309
514.318
514.335
514.352
514.37
514.387
514.394
514.401
514.408
514.416
514.423
514.43
514.437
514.444
514.451
514.458
514.465
514.472
514.479
514.49
514.501
514.517
514.534
514.551
514.567
514.584
514.601
514.617
514.634
514.651
514.667
514.693
514.709
514.725
514.741
514.751
514.761
514.77
514.78
514.79
514.8
514.809
514.819
514.829
514.838
514.848
514.858
514.873
514.888
514.903
514.919
514.934
514.949
514.964
514.979
514.994
515.01
515.025
515.04
515.055
515.07
515.086
515.101
515.111
515.121
515.131
515.141
515.151
515.161
515.171
515.181
515.191
515.201
515.211
515.222
515.232
515.242
515.252
515.262
515.272
515.282
515.292
515.302
515.312
515.322
515.332
515.342
515.352
515.362
515.372
515.383
515.393
515.403
515.413
515.423
515.433
515.443
515.453
515.463
515.473
515.483
515.493
515.503
515.513
515.523
515.534
515.544
515.554
515.564
515.574
515.584
515.594
515.604
515.614
515.624
515.634
515.644
515.654
515.664
515.674
515.685
515.695
515.705
515.715
515.725
515.735
515.745
515.755
515.765
515.775
515.785
515.795
515.805
515.815
515.825
515.835
515.846
515.856
515.866
515.876
515.886
515.896
515.906
515.916
515.926
515.936
515.946
515.956
515.966
515.976
515.986
515.997
516.007
516.017
516.027
516.037
516.047
516.057
516.067
516.077
516.087
516.097
516.107
516.117
516.127
516.137
516.148
516.158
516.168
516.178
516.188
516.198
516.208
516.218
516.228
516.238
516.248
516.258
516.268
516.278
516.288
516.298
516.309
516.319
516.329
516.339
516.349
516.359
516.369
516.379
516.389
516.399
516.409
516.419
516.429
516.439
516.449
516.46
516.47
516.48
516.49
516.5
516.51
516.52
516.53
516.54
516.55
516.56
516.57
516.58
516.59
516.6
516.611
516.621
516.631
516.641
516.651
516.661
516.671
516.681
516.691
516.701
516.711
516.721
516.731
516.741
516.751
516.761
516.772
516.782
516.792
516.802
516.812
516.822
516.832
516.842
516.852
516.862
516.872
516.882
516.892
516.902
516.912
516.923
516.933
516.943
516.953
516.963
516.973
516.983
516.993
517.003
517.013
517.023
517.033
517.043
517.053
517.063
517.074
517.084
517.094
517.104
517.114
517.124
517.134
517.144
517.154
517.164
517.174
517.184
517.194
517.204
517.214
517.221
517.228
517.235
517.242
517.249
517.256
517.263
517.27
517.277
517.284
517.291
517.298
517.305
517.312
517.319
517.326
517.332
517.339
517.346
517.353
517.36
517.367
517.374
517.381
517.388
517.395
517.402
517.409
517.416
517.423
517.43
517.437
517.444
517.451
517.458
517.464
517.471
517.478
517.485
517.492
517.499
517.506
517.513
517.52
517.527
517.534
517.541
517.548
517.555
517.562
517.569
517.576
517.583
517.589
517.596
517.603
517.61
517.617
517.624
517.631
517.638
517.645
517.652
517.659
517.666
517.673
517.68
517.687
517.694
517.701
517.708
517.715
517.721
517.728
517.735
517.742
517.749
517.756
517.763
517.77
517.777
517.784
517.791
517.798
517.805
517.812
517.819
517.826
517.833
517.84
517.846
517.853
517.86
517.867
517.874
517.881
517.888
517.895
517.902
517.909
517.916
517.923
517.93
517.937
517.944
517.951
517.958
517.965
517.971
517.978
517.985
517.992
517.999
518.006
518.013
518.02
518.027
518.034
518.041
518.048
518.055
518.062
518.069
518.076
518.083
518.09
518.097
518.103
518.11
518.117
518.124
518.131
518.138
518.145
518.152
518.159
518.166
518.173
518.18
518.187
518.194
518.201
518.208
518.215
518.222
518.228
518.235
518.242
518.249
518.256
518.263
518.27
518.277
518.284
518.291
518.298
518.305
518.312
518.319
518.326
518.333
518.34
518.347
518.354
518.36
518.367
518.374
518.381
518.388
518.395
518.402
518.409
518.416
518.423
518.43
518.437
518.444
518.451
518.458
518.465
518.472
518.479
518.485
518.492
518.499
518.506
518.513
518.52
518.527
518.534
518.541
518.548
518.555
518.562
518.569
518.576
518.583
518.59
518.597
518.604
518.61
518.617
518.624
518.631
518.638
518.645
518.652
518.659
518.666
518.673
518.68
518.687
518.694
518.701
518.708
518.715
518.722
518.729
518.736
518.742
518.749
518.756
518.763
518.77
518.777
518.784
518.791
518.798
518.805
518.812
518.819
518.829
518.84
518.85
518.861
518.871
518.881
518.892
518.902
518.913
518.923
518.934
518.944
518.955
518.965
518.975
518.986
518.996
519.007
519.017
519.028
519.038
519.049
519.059
519.069
519.08
519.09
519.101
519.111
519.122
519.132
519.142
519.153
519.163
519.174
519.184
519.195
519.205
519.216
519.226
519.236
519.253
519.269
519.285
519.301
519.317
519.334
519.35
519.366
519.382
519.398
519.415
519.431
519.447
519.463
519.479
519.496
519.512
519.528
519.544
519.56
519.576
519.593
519.609
519.625
519.641
519.657
519.674
519.69
519.706
519.722
519.738
519.755
519.771
519.787
519.803
519.819
519.836
519.852
519.868
519.892
519.917
519.941
519.98
520.019
520.058
520.097
520.135
520.174
520.213
520.252
520.291
520.33
520.368
520.407
520.446
520.485
520.524
520.563
520.601
520.64
520.679
520.739
520.798
520.858
520.917
520.977
521.037
521.096
521.156
521.215
521.275
521.334
521.394
521.488
521.582
521.676
521.77
521.864
521.958
522.052
522.146
522.309
522.473
522.636
522.799
522.962
523.125
523.288
523.451
523.614
523.778
523.941
524.104
524.267
524.43
524.593
524.756
524.919
525.083
525.246
525.409
525.664
525.919
526.173
526.428
526.683
526.938
527.193
527.448
527.702
527.957
528.212
528.467
528.722
528.977
529.164
529.352
529.491
529.629
529.768
529.906
530.001
530.069
530.136
530.203
530.271
530.338
530.406
530.473
530.54
530.608
530.655
530.702
530.748
530.795
530.842
530.889
530.936
530.983
531.029
531.076
531.123
531.17
531.217
531.251
531.276
531.301
531.326
531.351
531.376
531.401
531.427
531.452
531.477
531.502
531.527
531.552
531.577
531.602
531.627
531.652
531.677
531.702
531.727
531.752
531.777
531.802
531.827
531.852
531.877
531.902
531.927
531.952
531.977
532.019
532.061
532.104
532.146
532.188
532.287
532.387
532.486
532.585
532.763
532.941
533.243
533.544
533.846
534.147
534.449
534.751
535.052
535.354
535.655
535.957
536.259
536.56
536.862
537.163
537.465
537.766
538.068
538.37
538.671
538.973
539.274
539.576
539.877
540.179
540.481
540.782
541.084
541.385
541.687
541.989
542.29
542.592
542.893
543.195
543.496
543.798
544.1
544.401
544.703
545.004
545.306
545.607
545.909
546.211
546.512
546.814
547.115
547.417
547.719
548.02
548.322
548.623
548.925
549.226
549.528
549.83
550.131
550.433
550.734
551.036
551.337
551.639
551.941
552.242
552.544
552.845
553.147
553.449
553.75
554.052
554.353
554.655
554.956
555.258
555.56
555.861
556.163
556.464
556.766
557.067
557.369
557.671
557.972
558.274
558.575
558.877
559.179
559.48
559.782
560.083
560.385
560.686
560.988
561.29
561.591
561.893
562.194
562.496
562.797
563.099
563.401
563.702
564.004
564.305
564.607
564.909
565.21
565.512
565.813
566.115
566.416
566.718
567.02
567.321
567.623
567.924
568.226
568.527
568.829
569.131
569.432
569.734
570.035
570.337
570.639
570.94
571.242
571.543
571.845
572.146
572.448
572.75
573.051
573.353
573.654
573.956
574.257
574.559
574.861
575.162
575.464
575.765
576.067
576.369
576.67
576.972
577.273
577.575
577.876
578.178
578.48
578.781
579.083
579.384
579.686
579.987
580.289
580.591
580.892
581.194
581.495
581.797
582.098
582.4
582.702
583.003
583.305
583.606
583.908
584.21
584.511
584.813
585.114
585.416
585.717
586.019
586.321
586.622
586.924
587.225
587.527
587.828
588.13
588.432
588.733
589.035
589.336
589.638
589.94
590.241
590.543
590.844
591.146
591.447
591.749
592.051
592.352
592.654
592.955
593.257
593.558
593.86
594.162
594.463
594.765
595.066
595.368
595.67
595.971
596.273
596.574
596.876
597.177
597.479
597.781
598.082
598.384
598.685
598.987
599.288
599.59
599.892
600.193
600.495
600.796
601.098
601.4
601.701
602.003
602.304
602.606
602.907
603.209
603.511
603.812
604.114
604.415
604.717
605.018
605.32
605.622
605.923
606.225
606.526
606.828
607.13
607.431
607.733
608.034
608.336
608.637
608.939
609.241
609.542
609.844
610.145
610.447
610.748
611.05
611.352
611.653
611.955
612.256
612.558
612.86
613.161
613.463
613.764
614.066
614.367
614.669
614.971
615.272
615.574
615.875
616.177
616.478
616.78
617.082
617.383
617.685
617.986
618.288
618.59
618.891
619.193
619.494
619.796
620.097
620.399
620.701
621.002
621.304
621.605
621.907
622.208
622.51
622.812
623.113
623.415
623.716
624.018
624.32
624.621
624.923
625.224
625.526
625.827
626.129
626.431
626.732
627.034
627.335
627.637
627.938
628.24
628.542
628.843
629.145
629.446
629.748
630.05
630.351
630.653
630.954
631.256
631.557
631.859
632.161
632.462
632.764
633.065
633.367
633.668
633.97
634.272
634.573
634.875
635.176
635.478
635.78
636.081
636.383
636.684
636.986
637.287
637.589
637.891
638.192
638.494
638.795
639.097
639.398
639.7
640.002
640.303
640.605
640.906
641.208
641.51
641.811
642.113
642.414
642.716
643.017
643.319
643.621
643.922
644.224
644.525
644.827
645.128
645.43
645.732
646.033
646.335
646.636
646.938
647.24
647.541
647.843
648.144
648.446
648.747
649.049
649.351
649.652
649.954
650.255
650.557
650.858
651.16
651.462
651.763
652.065
652.366
652.668
652.969
653.271
653.573
653.874
654.176
654.477
654.779
655.081
655.382
655.684
655.985
656.287
656.588
656.89
657.192
657.493
657.795
658.096
658.398
658.699
659.001
659.303
659.604
659.906
660.207
660.509
660.811
661.112
661.414
661.715
662.017
662.318
662.62
662.922
663.223
663.525
663.826
664.128
664.429
664.731
665.033
665.334
665.636
665.937
666.239
666.541
666.842
667.144
667.445
667.747
668.048
668.35
668.652
668.953
669.255
669.556
669.858
670.159
670.461
670.763
671.064
671.366
671.667
671.969
672.271
672.572
672.874
673.175
673.477
673.778
674.08
674.382
674.683
674.985
675.286
675.588
675.889
676.191
676.493
676.794
677.096
677.397
677.699
678.001
678.302
678.604
678.905
679.207
679.508
679.81
680.112
680.413
680.715
681.016
681.318
681.619
681.921
682.223
682.524
682.826
683.127
683.429
683.731
684.032
684.334
684.635
684.937
685.238
685.54
685.842
686.143
686.445
686.746
687.048
687.349
687.651
687.953
688.254
688.556
688.857
689.159
689.461
689.762
690.064
690.365
690.667
690.968
691.27
691.572
691.873
692.175
692.476
692.778
693.079
693.381
693.683
693.984
694.286
694.587
694.889
695.191
695.492
695.794
696.095
696.397
696.698
697
697.302
697.603
697.905
698.206
698.508
698.809
699.111
699.413
699.714
700.016
700.317
700.619
700.921
701.222
701.524
701.825
702.127
702.428
702.73
703.032
703.333
703.635
703.936
704.238
704.539
704.841
705.143
705.444
705.746
706.047
706.349
706.651
706.952
707.254
707.555
707.857
708.158
708.46
708.762
709.063
709.365
709.666
709.968
710.269
710.571
710.873
711.174
711.476
711.777
712.079
712.381
712.682
712.984
713.285
713.587
713.888
714.19
714.492
714.793
715.095
715.396
715.698
715.999
716.301
716.603
716.904
717.206
717.507
717.809
718.11
718.412
718.714
719.015
719.317
719.618
719.92
720.222
720.523
720.825
721.126
721.428
721.729
722.031
722.333
722.634
722.936
723.237
723.539
723.84
724.142
724.444
724.745
725.047
725.348
725.65
725.952
726.253
726.555
726.856
727.158
727.459
727.761
728.063
728.364
728.666
728.967
729.269
729.57
729.872
730.174
730.475
730.777
731.078
731.38
731.682
731.983
732.285
732.586
732.888
733.189
733.491
733.793
734.094
734.396
734.697
734.999
735.3
735.602
735.904
736.205
736.507
736.808
737.11
737.412
737.713
738.015
738.316
738.618
738.919
739.221
739.523
739.824
740.126
740.427
740.729
741.03
741.332
741.634
741.935
742.237
742.538
742.84
743.142
743.443
743.745
744.046
744.348
744.649
744.951
745.253
745.554
745.856
746.157
746.459
746.76
747.062
747.364
747.665
747.967
748.268
748.57
748.872
749.173
749.475
749.776
750.078
750.379
750.681
750.983
751.284
751.586
751.887
752.189
752.49
752.792
753.094
753.395
753.697
753.998
754.3
754.602
754.903
755.205
755.506
755.808
756.109
756.411
756.713
757.014
757.316
757.617
757.919
758.22
758.522
758.824
759.125
759.427
759.728
760.03
760.332
760.633
760.935
761.236
761.538
761.839
762.141
762.443
762.744
763.046
763.347
763.649
763.95
764.252
764.554
764.855
765.157
765.458
765.76
766.062
766.363
766.665
766.966
767.268
767.569
767.871
768.173
768.474
768.776
769.077
769.379
769.68
769.982
770.284
770.585
770.887
771.188
771.49
771.792
772.093
772.395
772.696
772.998
773.299
773.601
773.903
774.204
774.506
774.807
775.109
775.41
775.712
776.014
776.315
776.617
776.918
777.22
777.522
777.823
778.125
778.426
778.728
779.029
779.331
779.633
779.934
780.236
780.537
780.839
781.14
781.442
781.744
782.045
782.347
782.648
782.95
783.252
783.553
783.855
784.156
784.458
784.759
785.061
785.363
785.664
785.966
786.267
786.569
786.87
787.172
787.474
787.775
788.077
788.378
788.68
788.981
789.283
789.585
789.886
790.188
790.489
790.791
791.093
791.394
791.696
791.997
792.299
792.6
792.902
793.204
793.505
793.807
794.108
794.41
794.711
795.013
795.315
795.616
795.918
796.219
796.521
796.823
797.124
797.426
797.727
798.029
798.33
798.632
798.934
799.235
799.537
799.838
800
800
800
800
800
800.001
800.003
800.004
800.006
800.01
800.016
800.023
800.029
800.036
800.047
800.059
800.07
800.09
800.109
800.147
800.184
800.222
800.259
800.296
800.361
800.425
800.489
800.593
800.696
800.853
801.009
801.165
801.321
801.477
801.728
801.978
802.229
802.479
802.73
802.98
803.231
803.481
803.732
803.982
804.233
804.484
804.734
804.985
805.235
805.486
805.736
805.987
806.237
806.488
806.738
806.989
807.239
807.49
807.741
807.991
808.158
808.326
808.493
808.66
808.827
808.995
809.162
809.329
809.496
809.663
809.831
809.998
810.165
810.332
810.5
810.667
810.777
810.887
810.997
811.106
811.216
811.326
811.436
811.546
811.656
811.766
811.876
811.986
812.096
812.205
812.315
812.425
812.535
812.645
812.755
812.865
812.941
813.018
813.095
813.171
813.248
813.325
813.401
813.478
813.555
813.631
813.708
813.784
813.861
813.938
814.014
814.091
814.168
814.244
814.321
814.398
814.474
814.551
814.627
814.704
814.781
814.857
814.934
815.011
815.087
815.164
815.241
815.317
815.394
815.47
815.547
815.624
815.7
815.777
815.854
815.93
816.007
816.084
816.16
816.237
816.313
816.39
816.467
816.543
816.62
816.697
816.773
816.85
816.927
817.003
817.08
817.156
817.233
817.31
817.386
817.463
817.54
817.616
817.693
817.77
817.846
817.923
817.999
818.076
818.153
818.229
818.306
818.383
818.459
818.536
818.613
818.689
818.766
818.842
818.919
818.996
819.072
819.149
819.226
819.341
819.456
819.572
819.752
819.933
820.114
820.416
820.718
821.19
821.662
822.134
822.606
823.078
823.55
824.022
824.494
824.966
825.438
825.91
826.382
826.854
827.326
827.798
828.27
828.742
829.214
829.686
830.158
830.63
831.102
831.574
832.046
832.518
832.99
833.711
834.433
835.154
835.875
836.596
837.318
838.039
838.76
839.481
840.202
840.924
841.645
842.366
843.087
843.809
844.53
845.251
845.972
846.694
847.415
848.136
848.857
849.579
850.3
851.021
851.742
852.464
853.185
853.906
854.627
855.348
856.07
856.791
857.512
858.233
858.955
859.676
860.397
861.118
861.84
862.561
863.282
864.003
864.725
865.446
866.167
866.888
867.609
868.331
869.052
869.773
870.494
871.216
871.937
872.658
873.379
874.101
874.822
875.543
876.264
876.986
877.707
878.428
879.149
879.871
880.592
881.313
882.034
882.755
883.477
884.198
884.919
885.1
885.28
885.46
885.64
885.821
886.001
886.341
886.682
887.022
887.639
888.256
888.873
889.49
890.107
890.724
891.341
891.958
892.574
893.191
893.808
894.425
895.042
895.659
896.276
896.893
897.51
898.127
898.744
899.361
899.978
900.595
901.212
901.828
902.445
903.062
903.679
904.296
904.913
905.53
906.147
906.764
907.381
907.998
908.615
909.232
909.849
910.466
911.082
911.699
912.316
912.933
913.55
914.167
914.784
915.401
916.018
916.635
917.252
917.869
918.486
919.103
919.72
920.337
920.953
921.57
922.187
922.804
923.421
924.038
924.655
925.272
925.889
926.506
927.123
927.74
928.357
928.974
929.591
930.207
930.824
931.441
932.058
932.675
933.292
933.909
934.526
935.143
935.76
936.377
936.994
937.611
938.228
938.845
939.462
940.078
940.695
941.312
941.929
942.546
943.163
943.78
944.397
945.014
945.631
946.248
946.865
947.482
948.099
948.716
949.332
949.949
950.566
951.183
951.8
952.417
953.034
953.651
954.268
954.885
955.502
956.119
956.736
957.353
957.97
958.587
959.203
959.82
960.437
961.054
961.671
962.288
962.905
963.522
964.139
964.756
965.373
965.99
966.607
967.224
967.841
968.457
969.074
969.691
970.308
970.925
971.542
972.159
972.776
973.393
974.01
974.627
975.244
975.861
976.478
977.095
977.711
978.328
978.945
979.562
980.179
980.796
981.413
982.03
982.647
983.264
983.881
984.498
985.115
985.732
986.349
986.966
987.582
988.199
988.816
989.433
990.05
990.667
991.284
991.901
992.518
993.135
993.752
994.369
994.986
995.603
996.22
996.836
997.453
998.07
998.687
999.304
999.921
1000.54
1001.16
1001.77
1002.39
1003.01
1003.62
1004.24
1004.86
1005.47
1006.09
1006.71
1007.32
1007.94
1008.56
1009.18
1009.79
1010.41
1011.03
1011.64
1012.26
1012.88
1013.49
1014.11
1014.73
1015.34
1015.96
1016.58
1017.2
1017.81
1018.43
1019.05
1019.66
1020.28
1020.9
1021.51
1022.13
1022.75
1023.36
1023.98
1024.6
1025.22
1025.83
1026.45
1027.07
1027.68
1028.3
1028.92
1029.53
1030.15
1030.77
1031.38
1032
1032.62
1033.24
1033.85
1034.47
1035.09
1035.7
1036.32
1036.94
1037.55
1038.17
1038.79
1039.41
1040.02
1040.64
1041.26
1041.87
1042.49
1043.11
1043.72
1044.34
1044.96
1045.57
1046.19
1046.81
1047.43
1048.04
1048.66
1049.28
1049.89
1050.51
1051.13
1051.74
1052.36
1052.98
1053.59
1054.21
1054.83
1055.45
1056.06
1056.68
1057.3
1057.91
1058.53
1059.15
1059.76
1060.38
1061
1061.61
1062.23
1062.85
1063.47
1064.08
1064.7
1065.32
1065.93
1066.55
1067.17
1067.78
1068.4
1069.02
1069.63
1070.25
1070.87
1071.49
1072.1
1072.72
1073.34
1073.95
1074.57
1075.19
1075.8
1076.42
1077.04
1077.65
1078.27
1078.89
1079.51
1080.12
1080.74
1081.36
1081.97
1082.59
1083.21
1083.82
1084.44
1085.06
1085.68
1086.29
1086.91
1087.53
1088.14
1088.76
1089.38
1089.99
1090.61
1091.23
1091.84
1092.46
1093.08
1093.7
1094.31
1094.93
1095.55
1096.16
1096.78
1097.4
1098.01
1098.63
1099.25
1100.22
1101.2
1102.17
1103.15
1104.12
1105.1
1106.08
1107.05
1108.03
1109
1109.98
1110.95
1111.93
1112.9
1113.15
1113.39
1113.64
1113.88
1114.12
1114.37
1114.61
1114.85
1115.31
1115.77
1116.47
1117.16
1117.85
1118.54
1119.23
1119.93
1120.62
1121.31
1122
1122.69
1123.39
1124.08
1124.77
1125.46
1126.15
1126.85
1127.54
1128.23
1128.92
1129.61
1130.31
1131
1131.69
1132.38
1133.08
1133.77
1134.46
1135.15
1135.84
1136.54
1137.23
1137.92
1138.61
1139.3
1140
1140.69
1141.38
1142.07
1142.76
1143.46
1144.15
1144.84
1145.53
1146.22
1146.92
1147.61
1148.3
1148.99
1149.68
1150.38
1151.07
1151.76
1152.45
1153.15
1153.84
1154.53
1155.22
1155.91
1156.61
1157.3
1157.99
1158.68
1159.37
1160.07
1160.76
1161.45
1162.14
1162.83
1163.53
1164.22
1164.91
1165.6
1166.29
1166.99
1167.68
1168.37
1169.06
1169.75
1170.45
1171.14
1171.83
1172.52
1173.22
1173.91
1174.6
1175.29
1175.98
1176.68
1177.37
1178.06
1178.75
1179.44
1180.14
1180.83
1181.52
1182.21
1182.9
1183.6
1184.29
1184.98
1185.67
1186.36
1187.06
1187.75
1188.44
1189.13
1189.82
1190.52
1191.21
1191.9
1192.59
1193.29
1193.98
1194.67
1195.36
1196.05
1196.75
1197.44
1198.13
1198.82
1199.51
1200.21
1200.9
1201.59
1202.28
1202.97
1203.67
1204.36
1205.05
1205.74
1206.43
1207.13
1207.82
1208.51
1209.2
1209.9
1210.59
1211.28
1211.97
1212.66
1213.36
1214.05
1214.74
1215.43
1216.12
1216.82
1217.51
1218.2
1218.89
1219.58
1220.28
1220.97
1221.66
1222.35
1223.04
1223.74
1224.43
1225.12
1225.81
1226.5
1227.2
1227.89
1228.58
1229.27
1229.97
1230.66
1231.35
1232.04
1232.73
1233.43
1234.12
1234.81
1235.5
1236.19
1236.89
1237.58
1238.27
1238.96
1239.65
1240.35
1241.04
1241.73
1242.42
1243.11
1243.81
1244.5
1245.19
1245.88
1246.57
1247.27
1247.96
1248.65
1249.34
1250.04
1250.73
1251.42
1252.11
1252.8
1253.5
1254.19
1254.88
1255.57
1256.26
1256.96
1257.65
1258.34
1259.03
1259.72
1260.42
1261.11
1261.8
1262.49
1263.18
1263.88
1264.57
1265.26
1265.95
1266.64
1267.34
1268.03
1268.72
1269.41
1270.11
1270.8
1271.49
1272.18
1272.87
1273.57
1274.26
1274.95
1275.64
1276.33
1277.03
1277.72
1278.41
1279.1
1279.79
1280.49
1281.18
1281.87
1282.56
1283.25
1283.95
1284.64
1285.33
1286.02
1286.71
1287.41
1288.1
1288.79
1289.48
1290.18
1290.87
1291.56
1292.25
1292.94
1293.64
1294.33
1295.02
1295.71
1296.4
1297.1
1297.79
1298.48
1299.17
1299.86
1300.56
1301.25
1301.94
1302.63
1303.32
1304.02
1304.71
1305.4
1306.09
1306.78
1307.48
1308.17
1308.86
1309.55
1310.25
1310.94
1311.63
1312.32
1313.01
1313.71
1314.4
1315.09
1315.78
1316.47
1317.17
1317.86
1318.55
1319.24
1319.93
1320.63
1321.32
1322.01
1322.7
1323.39
1324.09
1324.78
1325.47
1326.16
1326.85
1327.55
1328.24
1328.93
1329.62
1330.32
1331.01
1331.7
1332.39
1333.08
1333.78
1334.47
1335.16
1335.85
1336.54
1337.24
1337.93
1338.62
1339.31
1340
1340.7
1341.39
1342.08
1342.77
1343.46
1344.16
1344.85
1345.54
1346.23
1346.93
1347.62
1348.31
1349
1349.69
1350.39
1351.08
1351.77
1352.46
1353.15
1353.85
1354.54
1355.23
1355.92
1356.61
1357.31
1358
1358.69
1359.38
1360.07
1360.77
1361.46
1362.15
1362.84
1363.53
1364.23
1364.92
1365.61
1366.3
1367
1367.69
1368.38
1369.07
1369.76
1370.46
1371.15
1371.84
1372.53
1373.22
1373.92
1374.61
1375.3
1375.99
1376.68
1377.38
1378.07
1378.76
1379.45
1380.14
1380.84
1381.53
1382.22
1382.91
1383.6
1384.3
1384.99
1385.68
1386.37
1387.07
1387.76
1388.45
1389.14
1389.83
1390.53
1391.22
1391.91
1392.6
1393.29
1393.99
1394.68
1395.37
1396.06
1396.75
1397.45
1398.14
1398.83
1399.52
1400.21
1400.91
1401.6
1402.29
1402.98
1403.67
1404.37
1405.06
1405.75
1406.44
1407.14
1407.83
1408.52
1409.21
1409.9
1410.6
1411.29
1411.98
1412.67
1413.36
1414.06
1414.75
1415.44
1416.13
1416.82
1417.52
1418.21
1418.9
1419.59
1420.28
1420.98
1421.67
1422.36
1423.05
1423.74
1424.44
1425.13
1425.82
1426.51
1427.21
1427.9
1428.59
1429.28
1429.97
1430.67
1431.36
1432.05
1432.74
1433.43
1434.13
1434.82
1435.51
1436.2
1436.89
1437.59
1438.28
1438.97
1439.66
1440.35
1441.05
1441.74
1442.43
1443.12
1443.81
1444.51
1445.2
1445.89
1446.58
1447.28
1447.97
1448.66
1449.35
1450.04
1450.74
1451.43
1452.12
1452.81
1453.5
1454.2
1454.89
1455.58
1456.27
1456.96
1457.66
1458.35
1459.04
1459.73
1460.42
1461.12
1461.81
1462.5
1463.19
1463.88
1464.58
1465.27
1465.96
1466.65
1467.35
1468.04
1468.73
1469.42
1470.11
1470.81
1471.5
1472.19
1472.88
1473.57
1474.27
1474.96
1475.65
1476.34
1477.03
1477.73
1478.42
1479.11
1479.8
1480.49
1481.19
1481.88
1482.57
1483.26
1483.96
1484.65
1485.34
1486.03
1486.72
1487.42
1488.11
1488.8
1489.49
1490.18
1490.88
1491.57
1492.26
1492.95
1493.64
1494.34
1495.03
1495.72
1496.41
1497.1
1497.8
1498.49
1499.18
1499.87
1500.56
1501.26
1501.95
1502.64
1503.33
1504.03
1504.72
1505.41
1506.1
1506.79
1507.49
1508.18
1508.87
1509.56
1510.25
1510.95
1511.64
1512.33
1513.02
1513.71
1514.41
1515.1
1515.79
1516.48
1517.17
1517.87
1518.56
1519.25
1519.94
1520.63
1521.33
1522.02
1522.71
1523.4
1524.1
1524.79
1525.48
1526.17
1526.86
1527.56
1528.25
1528.94
1529.63
1530.32
1531.02
1531.71
1532.4
1533.09
1533.78
1534.48
1535.17
1535.86
1536.55
1537.24
1537.94
1538.63
1539.32
1540.01
1540.7
1541.4
1542.09
1542.78
1543.47
1544.17
1544.86
1545.55
1546.24
1546.93
1547.63
1548.32
1549.01
1549.7
1550.39
1551.09
1551.78
1552.47
1553.16
1553.85
1554.55
1555.24
1555.93
1556.62
1557.31
1558.01
1558.7
1559.39
1560.08
1560.77
1561.47
1562.16
1562.85
1563.54
1564.24
1564.93
1565.62
1566.31
1567
1567.7
1568.39
1569.08
1569.77
1570.46
1571.16
1571.85
1572.54
1573.23
1573.92
1574.62
1575.31
1576
1576.69
1577.38
1578.08
1578.77
1579.46
1580.15
1580.84
1581.54
1582.23
1582.92
1583.61
1584.31
1585
1585.69
1586.38
1587.07
1587.77
1588.46
1589.15
1589.84
1590.53
1591.23
1591.92
1592.61
1593.3
1593.99
1594.69
1595.38
1596.07
1596.76
1597.45
1598.15
1598.84
1599.53
1600.22
1600.91
1601.61
1602.3
1602.99
1603.68
1604.38
1605.07
1605.76
1606.45
1607.14
1607.84
1608.53
1609.22
1609.91
1610.6
1611.3
1611.99
1612.68
1613.37
1614.06
1614.76
1615.45
1616.14
1616.83
1617.52
1618.22
1618.91
1619.6
1620.29
1620.99
1621.68
1622.37
1623.06
1623.75
1624.45
1625.14
1625.83
1626.52
1627.21
1627.91
1628.6
1629.29
1629.98
1630.67
1631.37
1632.06
1632.75
1633.44
1634.13
1634.83
1635.52
1636.21
1636.9
1637.59
1638.29
1638.98
1639.67
1640.36
1641.06
1641.75
1642.44
1643.13
1643.82
1644.52
1645.21
1645.9
1646.59
1647.28
1647.98
1648.67
1649.36
1650.05
1650.74
1651.44
1652.13
1652.82
1653.51
1654.2
1654.9
1655.59
1656.28
1656.97
1657.66
1658.36
1659.05
1659.74
1660.43
1661.13
1661.82
1662.51
1663.2
1663.89
1664.59
1665.28
1665.97
1666.66
1667.35
1668.05
1668.74
1669.43
1670.12
1670.81
1671.51
1672.2
1672.89
1673.58
1674.27
1674.97
1675.66
1676.35
1677.04
1677.73
1678.43
1679.12
1679.81
1680.5
1681.2
1681.89
1682.58
1683.27
1683.96
1684.66
1685.35
1686.04
1686.73
1687.42
1688.12
1688.81
1689.5
1690.19
1690.88
1691.58
1692.27
1692.96
1693.65
1694.34
1695.04
1695.73
1696.42
1697.11
1697.8
1698.5
1699.19
1699.88
1700.57
1701.27
1701.96
1702.65
1703.34
1704.03
1704.73
1705.42
1706.11
1706.8
1707.49
1708.19
1708.88
1709.57
1710.26
1710.95
1711.65
1712.34
1713.03
1713.72
1714.41
1715.11
1715.8
1716.49
1717.18
1717.87
1718.57
1719.26
1719.95
1720.64
1721.34
1722.03
1722.72
1723.41
1724.1
1724.8
1725.49
1726.18
1726.87
1727.56
1728.26
1728.95
1729.64
1730.33
1731.02
1731.72
1732.41
1733.1
1733.79
1734.48
1735.18
1735.87
1736.56
1737.25
1737.94
1738.64
1739.33
1740.02
1740.71
1741.41
1742.1
1742.79
1743.48
1744.17
1744.87
1745.56
1746.25
1746.94
1747.63
1748.33
1749.02
1749.71
1750.4
1751.09
1751.79
1752.48
1753.17
1753.86
1754.55
1755.25
1755.94
1756.63
1757.32
1758.02
1758.71
1759.4
1760.09
1760.78
1761.48
1762.17
1762.86
1763.55
1764.24
1764.94
1765.63
1766.32
1767.01
1767.7
1768.4
1769.09
1769.78
1770.47
1771.16
1771.86
1772.55
1773.24
1773.93
1774.62
1775.32
1776.01
1776.7
1777.39
1778.09
1778.78
1779.47
1780.16
1780.85
1781.55
1782.24
1782.93
1783.62
1784.31
1785.01
1785.7
1786.39
1787.08
1787.77
1788.47
1789.16
1789.85
1790.54
1791.23
1791.93
1792.62
1793.31
1794
1794.69
1795.39
1796.08
1796.77
1797.46
1798.16
1798.85
1799.54
1800.23
1800.92
1801.62
1802.31
1803
1803.69
1804.38
1805.08
1805.77
1806.46
1807.15
1807.84
1808.54
1809.23
1809.92
1810.61
1811.3
1812
1812.69
1813.38
1814.07
1814.76
1815.46
1816.15
1816.84
1817.53
1818.23
1818.92
1819.61
1820.3
1820.99
1821.69
1822.38
1823.07
1823.76
1824.45
1825.15
1825.84
1826.53
1827.22
1827.91
1828.61
1829.3
1829.99
1830.68
1831.37
1832.07
1832.76
1833.45
1834.14
1834.83
1835.53
1836.22
1836.91
1837.6
1838.3
1838.99
1839.68
1840.37
1841.06
1841.76
1842.45
1843.14
1843.83
1844.52
1845.22
1845.91
1846.6
1847.29
1847.98
1848.68
1849.37
1850.06
1850.75
1851.44
1852.14
1852.83
1853.52
1854.21
1854.9
1855.6
1856.29
1856.98
1857.67
1858.37
1859.06
1859.75
1860.44
1861.13
1861.83
1862.52
1863.21
1863.9
1864.59
1865.29
1865.98
1866.67
1867.36
1868.05
1868.75
1869.44
1870.13
1870.82
1871.51
1872.21
1872.9
1873.59
1874.28
1874.97
1875.67
1876.36
1877.05
1877.74
1878.44
1879.13
1879.82
1880.51
1881.2
1881.9
1882.59
1883.28
1883.97
1884.66
1885.36
1886.05
1886.74
1887.43
1888.12
1888.82
1889.51
1890.2
1890.89
1891.58
1892.28
1892.97
1893.66
1894.35
1895.05
1895.74
1896.43
1897.12
1897.81
1898.51
1899.2
1899.89
1900.58
1901.27
1901.97
1902.66
1903.35
1904.04
1904.73
1905.43
1906.12
1906.81
1907.5
1908.19
1908.89
1909.58
1910.27
1910.96
1911.65
1912.35
1913.04
1913.73
1914.42
1915.12
1915.81
1916.5
1917.19
1917.88
1918.58
1919.27
1919.96
1920.65
1921.34
1922.04
1922.73
1923.42
1924.11
1924.8
1925.5
1926.19
1926.88
1927.57
1928.26
1928.96
1929.65
1930.34
1931.03
1931.72
1932.42
1933.11
1933.8
1934.49
1935.19
1935.88
1936.57
1937.26
1937.95
1938.65
1939.34
1940.03
1940.72
1941.41
1942.11
1942.8
1943.49
1944.18
1944.87
1945.57
1946.26
1946.95
1947.64
1948.33
1949.03
1949.72
1950.41
1951.1
1951.79
1952.49
1953.18
1953.87
1954.56
1955.26
1955.95
1956.64
1957.33
1958.02
1958.72
1959.41
1960.1
1960.79
1961.48
1962.18
1962.87
1963.56
1964.25
1964.94
1965.64
1966.33
1967.02
1967.71
1968.4
1969.1
1969.79
1970.48
1971.17
1971.86
1972.56
1973.25
1973.94
1974.63
1975.33
1976.02
1976.71
1977.4
1978.09
1978.79
1979.48
1980.17
1980.86
1981.55
1982.25
1982.94
1983.63
1984.32
1985.01
1985.71
1986.4
1987.09
1987.78
1988.47
1989.17
1989.86
1990.55
1991.24
1991.93
1992.63
1993.32
1994.01
1994.7
1995.4
1996.09
1996.78
1997.47
1998.16
1998.86
1999.55

