1.73997e-07
1.73992e-07
1.73986e-07
1.73978e-07
1.73965e-07
1.73942e-07
1.7392e-07
1.739e-07
1.73861e-07
1.73828e-07
1.73781e-07
1.73745e-07
1.73684e-07
1.73567e-07
1.7342e-07
1.73219e-07
1.72964e-07
1.72667e-07
1.7234e-07
1.71992e-07
1.7163e-07
1.71032e-07
1.70417e-07
1.69349e-07
1.68269e-07
1.67189e-07
1.66108e-07
1.65028e-07
1.63245e-07
1.61469e-07
1.59697e-07
1.56873e-07
1.54048e-07
1.51218e-07
1.48381e-07
1.45542e-07
1.42697e-07
1.39855e-07
1.34977e-07
1.30128e-07
1.25307e-07
1.2053e-07
1.15799e-07
1.11144e-07
1.06547e-07
1.02051e-07
9.76198e-08
9.33108e-08
8.90557e-08
8.49679e-08
8.0896e-08
7.69949e-08
7.31809e-08
6.95082e-08
6.58653e-08
6.24099e-08
5.90373e-08
5.58087e-08
5.26417e-08
4.96174e-08
4.66773e-08
4.38665e-08
4.11324e-08
3.85299e-08
3.60158e-08
3.36099e-08
3.12869e-08
2.90803e-08
2.69442e-08
2.49141e-08
2.29648e-08
2.1101e-08
1.93203e-08
1.76215e-08
1.6003e-08
1.44618e-08
1.40883e-08
1.37194e-08
1.33551e-08
1.29954e-08
1.26402e-08
1.22895e-08
1.19433e-08
1.16014e-08
1.12639e-08
1.09308e-08
1.0602e-08
1.02774e-08
9.95706e-09
9.64091e-09
9.32893e-09
9.02106e-09
8.71729e-09
8.41756e-09
8.12185e-09
7.83012e-09
7.54234e-09
7.25846e-09
6.97847e-09
6.70231e-09
6.42996e-09
6.16138e-09
5.89654e-09
5.6354e-09
5.37793e-09
5.1241e-09
4.87387e-09
4.6272e-09
4.38407e-09
4.14444e-09
3.90828e-09
3.67556e-09
3.44624e-09
3.22028e-09
2.99767e-09
2.77835e-09
2.56232e-09
2.34952e-09
2.13993e-09
1.93352e-09
1.73025e-09
1.5301e-09
1.33304e-09
1.13902e-09
9.48029e-10
7.60028e-10
5.74988e-10
3.92879e-10
2.1367e-10
3.7333e-11
-1.36163e-10
-3.06846e-10
-4.74748e-10
-6.39896e-10
-8.02319e-10
-9.62046e-10
-1.11911e-09
-1.27353e-09
-1.42534e-09
-1.57456e-09
-1.72123e-09
-1.86538e-09
-2.00702e-09
-2.14619e-09
-2.28291e-09
-2.41722e-09
-2.54913e-09
-2.74334e-09
-2.93233e-09
-3.11602e-09
-3.29473e-09
-3.46835e-09
-3.63706e-09
-3.8009e-09
-3.96e-09
-4.11441e-09
-4.26423e-09
-4.40953e-09
-4.55039e-09
-4.76508e-09
-4.96935e-09
-5.163e-09
-5.46021e-09
-5.73033e-09
-5.97736e-09
-6.19943e-09
-6.39923e-09
-6.5785e-09
-6.73801e-09
-6.87758e-09
-6.99861e-09
-7.10381e-09
-7.19173e-09
-7.26523e-09
-7.32311e-09
-7.36842e-09
-7.39983e-09
-7.41952e-09
-7.42845e-09
-7.42845e-09
-7.42829e-09
-7.42805e-09
-7.42764e-09
-7.42705e-09
-7.42559e-09
-7.42361e-09
-7.4189e-09
-7.40651e-09
-7.38919e-09
-7.36749e-09
-7.34128e-09
-7.3109e-09
-7.27677e-09
-7.23872e-09
-7.19721e-09
-7.1524e-09
-7.10445e-09
-7.05345e-09
-6.99957e-09
-6.94319e-09
-6.88419e-09
-6.8229e-09
-6.7595e-09
-6.69394e-09
-6.62656e-09
-6.55733e-09
-6.48649e-09
-6.41415e-09
-6.34038e-09
-6.26536e-09
-6.18912e-09
-6.11183e-09
-6.03356e-09
-5.95441e-09
-5.8745e-09
-5.79392e-09
-5.71271e-09
-5.63101e-09
-5.54885e-09
-5.46635e-09
-5.38355e-09
-5.30055e-09
-5.21739e-09
-5.13415e-09
-5.05089e-09
-4.96767e-09
-4.88454e-09
-4.80155e-09
-4.71876e-09
-4.63623e-09
-4.55399e-09
-4.47208e-09
-4.39056e-09
-4.30945e-09
-4.22878e-09
-4.14863e-09
-4.06899e-09
-3.98993e-09
-3.91144e-09
-3.83355e-09
-3.75633e-09
-3.67976e-09
-3.60391e-09
-3.52875e-09
-3.45431e-09
-3.38066e-09
-3.30774e-09
-3.23565e-09
-3.16434e-09
-3.09383e-09
-3.02419e-09
-2.95537e-09
-2.88738e-09
-2.82029e-09
-2.75403e-09
-2.68868e-09
-2.62422e-09
-2.5606e-09
-2.49793e-09
-2.43613e-09
-2.37521e-09
-2.31524e-09
-2.25613e-09
-2.19797e-09
-2.1407e-09
-2.08431e-09
-2.02887e-09
-1.97432e-09
-1.92066e-09
-1.86789e-09
-1.81604e-09
-1.7651e-09
-1.715e-09
-1.66584e-09
-1.61753e-09
-1.57007e-09
-1.52353e-09
-1.47784e-09
-1.43298e-09
-1.38901e-09
-1.34584e-09
-1.30354e-09
-1.26208e-09
-1.2214e-09
-1.18157e-09
-1.14253e-09
-1.10427e-09
-1.06684e-09
-1.03015e-09
-9.94275e-10
-9.59138e-10
-9.24735e-10
-8.91116e-10
-8.58198e-10
-8.26041e-10
-7.9458e-10
-7.63807e-10
-7.33768e-10
-7.04401e-10
-6.75696e-10
-6.47687e-10
-6.20307e-10
-5.93598e-10
-5.67532e-10
-5.42065e-10
-5.17249e-10
-4.93025e-10
-4.694e-10
-4.46353e-10
-4.23902e-10
-4.02031e-10
-3.8069e-10
-3.59927e-10
-3.39692e-10
-3.19972e-10
-3.00801e-10
-2.82118e-10
-2.63961e-10
-2.46284e-10
-2.29077e-10
-2.12369e-10
-1.96104e-10
-1.80318e-10
-1.64966e-10
-1.50041e-10
-1.35567e-10
-1.21504e-10
-1.07851e-10
-9.45942e-11
-8.17427e-11
-6.92848e-11
-5.71852e-11
-4.54744e-11
-3.41166e-11
-2.31028e-11
-1.24533e-11
-2.12589e-12
7.85476e-12
1.75213e-11
2.68811e-11
3.59161e-11
4.46646e-11
5.31049e-11
6.12663e-11
6.91557e-11
7.67574e-11
8.40991e-11
9.11822e-11
9.80166e-11
1.04597e-10
1.10933e-10
1.17047e-10
1.22921e-10
1.28577e-10
1.34024e-10
1.39248e-10
1.44277e-10
1.49096e-10
1.53727e-10
1.58174e-10
1.62428e-10
1.66511e-10
1.70413e-10
1.74151e-10
1.77729e-10
1.8114e-10
1.84401e-10
1.87512e-10
1.90481e-10
1.93305e-10
1.95989e-10
1.98548e-10
2.00972e-10
2.03275e-10
2.0546e-10
2.07523e-10
2.09477e-10
2.11317e-10
2.13055e-10
2.14692e-10
2.16226e-10
2.17668e-10
2.19013e-10
2.20272e-10
2.21447e-10
2.22534e-10
2.23545e-10
2.24475e-10
2.25333e-10
2.2612e-10
2.26835e-10
2.27485e-10
2.28072e-10
2.28595e-10
2.29061e-10
2.29468e-10
2.29821e-10
2.30123e-10
2.30189e-10
2.30253e-10
2.30314e-10
2.30411e-10
2.30498e-10
2.30578e-10
2.30733e-10
2.30843e-10
2.30913e-10
2.30942e-10
2.30932e-10
2.30887e-10
2.30807e-10
2.30693e-10
2.30548e-10
2.30372e-10
2.30168e-10
2.29937e-10
2.29681e-10
2.29399e-10
2.29094e-10
2.28768e-10
2.28421e-10
2.28054e-10
2.27669e-10
2.27266e-10
2.26848e-10
2.26414e-10
2.25966e-10
2.25505e-10
2.25031e-10
2.24546e-10
2.2405e-10
2.23545e-10
2.23031e-10
2.22508e-10
2.21978e-10
2.21442e-10
2.209e-10
2.20352e-10
2.19799e-10
2.19243e-10
2.18683e-10
2.18119e-10
2.17554e-10
2.16987e-10
2.16418e-10
2.15848e-10
2.15278e-10
2.14708e-10
2.14138e-10
2.13569e-10
2.13001e-10
2.12435e-10
2.11871e-10
2.11308e-10
2.10749e-10
2.10192e-10
2.09638e-10
2.09087e-10
2.0854e-10
2.07996e-10
2.07457e-10
2.06922e-10
2.06391e-10
2.05865e-10
2.05344e-10
2.04827e-10
2.04316e-10
2.0381e-10
2.03309e-10
2.02814e-10
2.02324e-10
2.0184e-10
2.01362e-10
2.00889e-10
2.00423e-10
1.99962e-10
1.99507e-10
1.99059e-10
1.98616e-10
1.9818e-10
1.9775e-10
1.97326e-10
1.96908e-10
1.96497e-10
1.96092e-10
1.95693e-10
1.953e-10
1.94914e-10
1.94534e-10
1.9416e-10
1.93792e-10
1.93431e-10
1.93075e-10
1.92726e-10
1.92383e-10
1.92046e-10
1.91714e-10
1.91389e-10
1.9107e-10
1.90756e-10
1.90448e-10
1.90146e-10
1.8985e-10
1.8956e-10
1.89274e-10
1.88995e-10
1.88721e-10
1.88452e-10
1.88189e-10
1.8793e-10
1.87678e-10
1.8743e-10
1.87187e-10
1.86949e-10
1.86716e-10
1.86488e-10
1.86264e-10
1.86046e-10
1.85832e-10
1.85622e-10
1.85417e-10
1.85216e-10
1.8502e-10
1.84828e-10
1.8464e-10
1.84456e-10
1.84276e-10
1.841e-10
1.83928e-10
1.83759e-10
1.83595e-10
1.83434e-10
1.83276e-10
1.83122e-10
1.82972e-10
1.82825e-10
1.82681e-10
1.8254e-10
1.82402e-10
1.82268e-10
1.82136e-10
1.82008e-10
1.81882e-10
1.81759e-10
1.81639e-10
1.81521e-10
1.81406e-10
1.81294e-10
1.81184e-10
1.81076e-10
1.80971e-10
1.80868e-10
1.80767e-10
1.80668e-10
1.80572e-10
1.80477e-10
1.80385e-10
1.80295e-10
1.80206e-10
1.80119e-10
1.80034e-10
1.79951e-10
1.79869e-10
1.79789e-10
1.7971e-10
1.79633e-10
1.79558e-10
1.79484e-10
1.79411e-10
1.7934e-10
1.7927e-10
1.79201e-10
1.79133e-10
1.79067e-10
1.79001e-10
1.78937e-10
1.78874e-10
1.78812e-10
1.7875e-10
1.7869e-10
1.7863e-10
1.78572e-10
1.78514e-10
1.78457e-10
1.78401e-10
1.78345e-10
1.7829e-10
1.78236e-10
1.78183e-10
1.7813e-10
1.78077e-10
1.78025e-10
1.77974e-10
1.77923e-10
1.77873e-10
1.77823e-10
1.77774e-10
1.77724e-10
1.77676e-10
1.77627e-10
1.77579e-10
1.77532e-10
1.77484e-10
1.77437e-10
1.7739e-10
1.77343e-10
1.77297e-10
1.7725e-10
1.77204e-10
1.77158e-10
1.77112e-10
1.77067e-10
1.77021e-10
1.76976e-10
1.7693e-10
1.76885e-10
1.7684e-10
1.76794e-10
1.76749e-10
1.76704e-10
1.76659e-10
1.76614e-10
1.76568e-10
1.76523e-10
1.76478e-10
1.76433e-10
1.76387e-10
1.76342e-10
1.76296e-10
1.76251e-10
1.76205e-10
1.7616e-10
1.76114e-10
1.76068e-10
1.76022e-10
1.75976e-10
1.75929e-10
1.75883e-10
1.75837e-10
1.7579e-10
1.75743e-10
1.75696e-10
1.75649e-10
1.75602e-10
1.75554e-10
1.75507e-10
1.75459e-10
1.75411e-10
1.75363e-10
1.75315e-10
1.75267e-10
1.75218e-10
1.75169e-10
1.75121e-10
1.75071e-10
1.75022e-10
1.74973e-10
1.74923e-10
1.74873e-10
1.74823e-10
1.74773e-10
1.74723e-10
1.74672e-10
1.74621e-10
1.7457e-10
1.74519e-10
1.74468e-10
1.74416e-10
1.74365e-10
1.74313e-10
1.74261e-10
1.74208e-10
1.74156e-10
1.74103e-10
1.7405e-10
1.73997e-10
1.73944e-10
1.73891e-10
1.73837e-10
1.73784e-10
1.7373e-10
1.73676e-10
1.73621e-10
1.73567e-10
1.73512e-10
1.73458e-10
1.73403e-10
1.73348e-10
1.73292e-10
1.73237e-10
1.73181e-10
1.73126e-10
1.7307e-10
1.73014e-10
1.72957e-10
1.72901e-10
1.72844e-10
1.72788e-10
1.72731e-10
1.72674e-10
1.72617e-10
1.72559e-10
1.72502e-10
1.72445e-10
1.72387e-10
1.72329e-10
1.72271e-10
1.72213e-10
1.72155e-10
1.72096e-10
1.72038e-10
1.71979e-10
1.71921e-10
1.71862e-10
1.71803e-10
1.71744e-10
1.71685e-10
1.71626e-10
1.71566e-10
1.71507e-10
1.71447e-10
1.71387e-10
1.71328e-10
1.71268e-10
1.71208e-10
1.71148e-10
1.71088e-10
1.71027e-10
1.70967e-10
1.70907e-10
1.70846e-10
1.70785e-10
1.70725e-10
1.70664e-10
1.70603e-10
1.70542e-10
1.70481e-10
1.7042e-10
1.70359e-10
1.70298e-10
1.70237e-10
1.70175e-10
1.70114e-10
1.70053e-10
1.69991e-10
1.69929e-10
1.69868e-10
1.69806e-10
1.69744e-10
1.69683e-10
1.69621e-10
1.69559e-10
1.69497e-10
1.69435e-10
1.69373e-10
1.69311e-10
1.69249e-10
1.69187e-10
1.69125e-10
1.69062e-10
1.69e-10
1.68938e-10
1.68875e-10
1.68813e-10
1.68751e-10
1.68688e-10
1.68626e-10
1.68563e-10
1.68501e-10
1.68438e-10
1.68376e-10
1.68313e-10
1.68251e-10
1.68188e-10
1.68125e-10
1.68063e-10
1.68e-10
1.67937e-10
1.67875e-10
1.67812e-10
1.67749e-10
1.67687e-10
1.67624e-10
1.67561e-10
1.67498e-10
1.67436e-10
1.67373e-10
1.6731e-10
1.67247e-10
1.67184e-10
1.67122e-10
1.67059e-10
1.66996e-10
1.66933e-10
1.6687e-10
1.66807e-10
1.66745e-10
1.66682e-10
1.66619e-10
1.66556e-10
1.66493e-10
1.66431e-10
1.66368e-10
1.66305e-10
1.66242e-10
1.66179e-10
1.66155e-10
5.00166e-07
5.00165e-07
5.00161e-07
5.00146e-07
5.0011e-07
5.00053e-07
4.99994e-07
4.99889e-07
4.99722e-07
4.99436e-07
4.99172e-07
4.98933e-07
4.98716e-07
4.98378e-07
4.9808e-07
4.97811e-07
4.97387e-07
4.96994e-07
4.96278e-07
4.95517e-07
4.94699e-07
4.93811e-07
4.92861e-07
4.91127e-07
4.89295e-07
4.87395e-07
4.84261e-07
4.81074e-07
4.76075e-07
4.68366e-07
4.61152e-07
4.54197e-07
4.47762e-07
4.41776e-07
4.36116e-07
4.30165e-07
4.24505e-07
4.18907e-07
4.1396e-07
4.08232e-07
4.03378e-07
3.9749e-07
3.93998e-07
3.8712e-07
3.85383e-07
3.83192e-07
3.77122e-07
3.72034e-07
3.68248e-07
3.67682e-07
3.64761e-07
3.63508e-07
3.61207e-07
3.59468e-07
3.53898e-07
3.51955e-07
3.50545e-07
3.46174e-07
3.4291e-07
3.37227e-07
3.3861e-07
3.4068e-07
3.35987e-07
3.31847e-07
3.29967e-07
3.27528e-07
3.26704e-07
3.25098e-07
3.2375e-07
3.20077e-07
3.20838e-07
3.21421e-07
3.16768e-07
3.11954e-07
3.0704e-07
3.11172e-07
3.13057e-07
3.08309e-07
3.06053e-07
3.09396e-07
3.10749e-07
3.15662e-07
3.12271e-07
3.08398e-07
3.10022e-07
3.11322e-07
3.07783e-07
3.05929e-07
3.11195e-07
3.17644e-07
3.18397e-07
3.19784e-07
3.32331e-07
3.46482e-07
3.50344e-07
3.54872e-07
3.60148e-07
3.66491e-07
3.74644e-07
3.9607e-07
4.24189e-07
4.74179e-07
5.65459e-07
7.69074e-07
8.59905e-07
9.9039e-07
1.33495e-06
1.46606e-06
1.62732e-06
2.11687e-06
2.95737e-06
4.39763e-06
6.22825e-06
6.76323e-06
6.89323e-06
6.56521e-06
5.91991e-06
5.19432e-06
4.59095e-06
4.16802e-06
3.89885e-06
3.73907e-06
3.65242e-06
3.61427e-06
3.60929e-06
3.62803e-06
3.68883e-06
3.77623e-06
3.9527e-06
4.1468e-06
4.35459e-06
4.58361e-06
4.83322e-06
5.11953e-06
5.47556e-06
5.94613e-06
6.58882e-06
7.48549e-06
9.50956e-06
1.09551e-05
1.18036e-05
1.18806e-05
1.16673e-05
1.14279e-05
1.12509e-05
1.11677e-05
1.11707e-05
1.12324e-05
1.13328e-05
1.1472e-05
1.16548e-05
1.18839e-05
1.21553e-05
1.24647e-05
1.30087e-05
1.36091e-05
1.42413e-05
1.48905e-05
1.55453e-05
1.62071e-05
1.68815e-05
1.75748e-05
1.82865e-05
1.9002e-05
1.96652e-05
2.02184e-05
2.07327e-05
2.13454e-05
2.21062e-05
2.29342e-05
2.34294e-05
2.3806e-05
2.40206e-05
2.40501e-05
2.3902e-05
2.36283e-05
2.32953e-05
2.29458e-05
2.2574e-05
2.2125e-05
2.15437e-05
2.08441e-05
2.01134e-05
1.94365e-05
1.88328e-05
1.8266e-05
1.76873e-05
1.7034e-05
1.62393e-05
1.52919e-05
1.42373e-05
1.31079e-05
1.19065e-05
1.06583e-05
9.40627e-06
8.19317e-06
7.04542e-06
5.97384e-06
4.9888e-06
4.12083e-06
3.38709e-06
2.7479e-06
2.13147e-06
1.50336e-06
9.05029e-07
4.10908e-07
7.50215e-08
-7.6299e-08
-3.85637e-08
1.59414e-07
4.25246e-07
6.09934e-07
5.91647e-07
3.33954e-07
-1.29336e-07
-7.63132e-07
-1.5004e-06
-2.22968e-06
-2.8749e-06
-3.42383e-06
-3.89602e-06
-4.30868e-06
-4.65692e-06
-4.92121e-06
-5.08279e-06
-5.1358e-06
-5.09521e-06
-5.00526e-06
-4.93105e-06
-4.89421e-06
-4.85162e-06
-4.74636e-06
-4.55438e-06
-4.28622e-06
-3.96972e-06
-3.65116e-06
-3.4194e-06
-3.36636e-06
-3.46361e-06
-3.60822e-06
-3.71841e-06
-3.76382e-06
-3.75555e-06
-3.74441e-06
-3.79726e-06
-3.91971e-06
-4.05584e-06
-4.15473e-06
-4.2027e-06
-4.23192e-06
-4.30672e-06
-4.44863e-06
-4.61674e-06
-4.75317e-06
-4.827e-06
-4.83562e-06
-4.79401e-06
-4.7345e-06
-4.7058e-06
-4.73671e-06
-4.80659e-06
-4.88249e-06
-4.94259e-06
-4.96562e-06
-4.93777e-06
-4.8576e-06
-4.73078e-06
-4.56749e-06
-4.38085e-06
-4.1815e-06
-3.97449e-06
-3.75985e-06
-3.53603e-06
-3.30163e-06
-3.0569e-06
-2.80591e-06
-2.55647e-06
-2.3163e-06
-2.08816e-06
-1.86904e-06
-1.65366e-06
-1.43858e-06
-1.22464e-06
-1.0165e-06
-8.19831e-07
-6.37765e-07
-4.69407e-07
-3.11595e-07
-1.61858e-07
-1.89514e-08
1.18608e-07
2.52239e-07
3.811e-07
5.01568e-07
6.10166e-07
7.07282e-07
7.9803e-07
8.89421e-07
9.85804e-07
1.0857e-06
1.18279e-06
1.27123e-06
1.35049e-06
1.42482e-06
1.49846e-06
1.57256e-06
1.64741e-06
1.72482e-06
1.80623e-06
1.88915e-06
1.96775e-06
2.03876e-06
2.10505e-06
2.17392e-06
2.24901e-06
2.32686e-06
2.40294e-06
2.47312e-06
2.52821e-06
2.55142e-06
2.52824e-06
2.45647e-06
2.34458e-06
2.20686e-06
2.04771e-06
1.82948e-06
1.50179e-06
1.09139e-06
6.72521e-07
3.03151e-07
7.87447e-09
-2.16958e-07
-3.82843e-07
-5.00777e-07
-5.80139e-07
-6.2776e-07
-6.48082e-07
-6.44289e-07
-6.1896e-07
-5.74437e-07
-5.13664e-07
-4.41764e-07
-3.68408e-07
-3.11478e-07
-2.97797e-07
-3.43964e-07
-4.39142e-07
-5.57087e-07
-6.78897e-07
-8.00396e-07
-9.35552e-07
-1.10058e-06
-1.28871e-06
-1.47723e-06
-1.65165e-06
-1.81149e-06
-1.96796e-06
-2.13909e-06
-2.34188e-06
-2.5788e-06
-2.83375e-06
-3.08306e-06
-3.30806e-06
-3.49982e-06
-3.65791e-06
-3.78591e-06
-3.88741e-06
-3.96456e-06
-4.01881e-06
-4.05196e-06
-4.06705e-06
-4.06833e-06
-4.06138e-06
-4.05431e-06
-4.0611e-06
-4.10395e-06
-4.20556e-06
-4.36831e-06
-4.56704e-06
-4.76868e-06
-4.8956e-06
-5.00911e-06
-5.10968e-06
-5.1986e-06
-5.27684e-06
-5.34463e-06
-5.40164e-06
-5.44743e-06
-5.4819e-06
-5.50556e-06
-5.51967e-06
-5.526e-06
-5.52644e-06
-5.52272e-06
-5.51626e-06
-5.50835e-06
-5.5007e-06
-5.49613e-06
-5.4981e-06
-5.50848e-06
-5.52616e-06
-5.54787e-06
-5.57036e-06
-5.59147e-06
-5.61004e-06
-5.62535e-06
-5.63694e-06
-5.64453e-06
-5.64816e-06
-5.64829e-06
-5.64561e-06
-5.64084e-06
-5.63451e-06
-5.6269e-06
-5.61816e-06
-5.60846e-06
-5.59809e-06
-5.58736e-06
-5.57634e-06
-5.56479e-06
-5.55228e-06
-5.53843e-06
-5.52324e-06
-5.50712e-06
-5.49073e-06
-5.47468e-06
-5.45932e-06
-5.4446e-06
-5.43012e-06
-5.41535e-06
-5.39981e-06
-5.38316e-06
-5.3652e-06
-5.34604e-06
-5.32626e-06
-5.30686e-06
-5.28861e-06
-5.27129e-06
-5.25363e-06
-5.23402e-06
-5.21154e-06
-5.18663e-06
-5.16163e-06
-5.1418e-06
-5.13495e-06
-5.14712e-06
-5.17697e-06
-5.21651e-06
-5.25657e-06
-5.29079e-06
-5.31657e-06
-5.3344e-06
-5.34636e-06
-5.35464e-06
-5.36042e-06
-5.36344e-06
-5.36237e-06
-5.35568e-06
-5.34259e-06
-5.32355e-06
-5.30023e-06
-5.27469e-06
-5.2482e-06
-5.22057e-06
-5.19092e-06
-5.15923e-06
-5.12699e-06
-5.09727e-06
-5.07558e-06
-5.06793e-06
-5.07508e-06
-5.09202e-06
-5.11206e-06
-5.13194e-06
-5.15387e-06
-5.18392e-06
-5.22571e-06
-5.2754e-06
-5.32533e-06
-5.36989e-06
-5.40707e-06
-5.43684e-06
-5.45929e-06
-5.47391e-06
-5.47974e-06
-5.47629e-06
-5.46421e-06
-5.44551e-06
-5.42294e-06
-5.39884e-06
-5.37405e-06
-5.34777e-06
-5.31836e-06
-5.2845e-06
-5.24604e-06
-5.20426e-06
-5.16142e-06
-5.11946e-06
-5.07879e-06
-5.03824e-06
-4.99595e-06
-4.9507e-06
-4.90281e-06
-4.85391e-06
-4.80524e-06
-4.7565e-06
-4.70663e-06
-4.656e-06
-4.60754e-06
-4.56716e-06
-4.54371e-06
-4.54222e-06
-4.55843e-06
-4.58363e-06
-4.61414e-06
-4.65298e-06
-4.70314e-06
-4.76146e-06
-4.82067e-06
-4.87457e-06
-4.91987e-06
-4.95551e-06
-4.98146e-06
-4.99806e-06
-5.00588e-06
-5.00599e-06
-4.99984e-06
-4.98886e-06
-4.97391e-06
-4.95508e-06
-4.93212e-06
-4.90506e-06
-4.87461e-06
-4.84195e-06
-4.80796e-06
-4.77268e-06
-4.73557e-06
-4.69634e-06
-4.65545e-06
-4.61384e-06
-4.57186e-06
-4.52901e-06
-4.48471e-06
-4.43916e-06
-4.39303e-06
-4.34703e-06
-4.3036e-06
-4.26923e-06
-4.25326e-06
-4.26015e-06
-4.28466e-06
-4.31594e-06
-4.34532e-06
-4.36863e-06
-4.38472e-06
-4.39393e-06
-4.39716e-06
-4.39526e-06
-4.38892e-06
-4.3787e-06
-4.36509e-06
-4.34857e-06
-4.32955e-06
-4.30836e-06
-4.28528e-06
-4.26056e-06
-4.23445e-06
-4.20718e-06
-4.17895e-06
-4.14997e-06
-4.12039e-06
-4.09039e-06
-4.06011e-06
-4.02968e-06
-3.99921e-06
-3.96882e-06
-3.9386e-06
-3.90862e-06
-3.87895e-06
-3.84964e-06
-3.8207e-06
-3.79216e-06
-3.76403e-06
-3.73631e-06
-3.70902e-06
-3.68216e-06
-3.65573e-06
-3.62973e-06
-3.60411e-06
-3.57888e-06
-3.55403e-06
-3.52954e-06
-3.50539e-06
-3.48158e-06
-3.45808e-06
-3.43486e-06
-3.41191e-06
-3.38923e-06
-3.36679e-06
-3.3446e-06
-3.32264e-06
-3.30087e-06
-3.27929e-06
-3.25791e-06
-3.23673e-06
-3.21573e-06
-3.19491e-06
-3.17426e-06
-3.15379e-06
-3.13352e-06
-3.11347e-06
-3.08374e-06
-3.05448e-06
-3.02569e-06
-2.99738e-06
-2.9695e-06
-2.94198e-06
-2.91477e-06
-2.88784e-06
-2.86112e-06
-2.83459e-06
-2.80822e-06
-2.782e-06
-2.75591e-06
-2.72995e-06
-2.7041e-06
-2.67837e-06
-2.65276e-06
-2.62728e-06
-2.60193e-06
-2.57674e-06
-2.55172e-06
-2.52689e-06
-2.50228e-06
-2.47792e-06
-2.45387e-06
-2.43017e-06
-2.40684e-06
-2.38384e-06
-2.36115e-06
-2.33874e-06
-2.3166e-06
-2.29472e-06
-2.27307e-06
-2.25166e-06
-2.23048e-06
-2.20952e-06
-2.18879e-06
-2.16828e-06
-2.14799e-06
-2.12793e-06
-2.09725e-06
-2.06714e-06
-2.03758e-06
-2.0086e-06
-1.9802e-06
-1.95239e-06
-1.92515e-06
-1.8985e-06
-1.87242e-06
-1.8469e-06
-1.82194e-06
-1.79751e-06
-1.77362e-06
-1.75023e-06
-1.72733e-06
-1.70491e-06
-1.68296e-06
-1.66144e-06
-1.64035e-06
-1.61968e-06
-1.59941e-06
-1.57951e-06
-1.55999e-06
-1.54083e-06
-1.52201e-06
-1.50353e-06
-1.48536e-06
-1.46751e-06
-1.44997e-06
-1.43271e-06
-1.41575e-06
-1.39906e-06
-1.38264e-06
-1.36648e-06
-1.35057e-06
-1.33492e-06
-1.3195e-06
-1.30432e-06
-1.28937e-06
-1.26729e-06
-1.2457e-06
-1.22458e-06
-1.19188e-06
-1.16029e-06
-1.12975e-06
-1.10021e-06
-1.07163e-06
-1.04397e-06
-1.01719e-06
-9.9125e-07
-9.66113e-07
-9.41747e-07
-9.18121e-07
-8.95206e-07
-8.72974e-07
-8.51397e-07
-8.30451e-07
-8.10112e-07
-7.90358e-07
-7.71166e-07
-7.52516e-07
-7.24924e-07
-6.98495e-07
-6.73166e-07
-6.4888e-07
-6.25583e-07
-6.03224e-07
-5.81756e-07
-5.61135e-07
-5.4132e-07
-5.22273e-07
-5.03956e-07
-4.86335e-07
-4.5985e-07
-4.34905e-07
-4.1139e-07
-3.89207e-07
-3.68268e-07
-3.48488e-07
-3.29792e-07
-3.12111e-07
-2.83661e-07
-2.57766e-07
-2.34163e-07
-2.12616e-07
-1.92921e-07
-1.74894e-07
-1.58375e-07
-1.43219e-07
-1.29297e-07
-1.16495e-07
-1.04709e-07
-9.38485e-08
-8.38297e-08
-7.45783e-08
-6.60271e-08
-5.81157e-08
-5.07893e-08
-4.39986e-08
-3.76987e-08
-3.18493e-08
-2.35244e-08
-1.60862e-08
-9.4237e-09
-3.46025e-09
1.91577e-09
6.71203e-09
1.11323e-08
1.49173e-08
1.87754e-08
2.22484e-08
2.46842e-08
2.69811e-08
2.89532e-08
3.27229e-08
3.49672e-08
3.4791e-08
3.50171e-08
3.63644e-08
3.81198e-08
3.88471e-08
3.88049e-08
3.90441e-08
3.94243e-08
3.9795e-08
4.00563e-08
4.03343e-08
4.06582e-08
4.10386e-08
4.13452e-08
4.16511e-08
4.18966e-08
4.21037e-08
4.22688e-08
4.2429e-08
4.26226e-08
4.28315e-08
4.30237e-08
4.31908e-08
4.33585e-08
4.35347e-08
4.37095e-08
4.38719e-08
4.4031e-08
4.41513e-08
4.42352e-08
4.43167e-08
4.43975e-08
4.44783e-08
4.45583e-08
4.46369e-08
4.47145e-08
4.47915e-08
4.48676e-08
4.49429e-08
4.50172e-08
4.50907e-08
4.51633e-08
4.52351e-08
4.53061e-08
4.53763e-08
4.54456e-08
4.55142e-08
4.55819e-08
4.56488e-08
4.5715e-08
4.57804e-08
4.58449e-08
4.59088e-08
4.59718e-08
4.60342e-08
4.60957e-08
4.61565e-08
4.62166e-08
4.63165e-08
4.64144e-08
4.65102e-08
4.6604e-08
4.66959e-08
4.69035e-08
4.71008e-08
4.72879e-08
4.74652e-08
4.776e-08
4.80254e-08
4.84109e-08
4.87212e-08
4.8962e-08
4.91374e-08
4.92521e-08
4.93091e-08
4.93132e-08
4.92654e-08
4.9172e-08
4.90299e-08
4.88509e-08
4.86216e-08
4.83709e-08
4.80546e-08
4.77541e-08
4.73318e-08
4.69215e-08
4.65462e-08
4.60774e-08
4.55836e-08
4.50731e-08
4.45552e-08
4.40016e-08
4.34209e-08
4.28201e-08
4.219e-08
4.15562e-08
4.08816e-08
4.02307e-08
3.95399e-08
3.87996e-08
3.80807e-08
3.72987e-08
3.6541e-08
3.58171e-08
3.50288e-08
3.42294e-08
3.34323e-08
3.26345e-08
3.18267e-08
3.1005e-08
3.01716e-08
2.93299e-08
2.8491e-08
2.7652e-08
2.68052e-08
2.59535e-08
2.51023e-08
2.425e-08
2.33985e-08
2.25466e-08
2.16965e-08
2.08492e-08
2.00041e-08
1.91632e-08
1.83245e-08
1.74919e-08
1.66658e-08
1.58467e-08
1.50341e-08
1.42282e-08
1.34308e-08
1.26411e-08
1.1863e-08
1.10937e-08
1.0333e-08
9.58464e-09
8.84735e-09
8.12134e-09
7.40692e-09
6.70531e-09
6.01658e-09
5.34083e-09
4.67872e-09
4.0301e-09
3.39525e-09
2.7745e-09
2.16826e-09
1.57655e-09
9.99406e-10
4.37055e-10
-1.10332e-10
-6.42694e-10
-1.15997e-09
-1.66218e-09
-2.14929e-09
-2.62123e-09
-3.07805e-09
-3.51977e-09
-3.94648e-09
-4.35822e-09
-4.75508e-09
-5.13716e-09
-5.50459e-09
-5.8575e-09
-6.19601e-09
-6.52032e-09
-6.83056e-09
-7.12694e-09
-7.40962e-09
-7.67886e-09
-7.93481e-09
-8.17772e-09
-8.40779e-09
-8.62529e-09
-8.83043e-09
-9.02349e-09
-9.20466e-09
-9.37425e-09
-9.53251e-09
-9.67965e-09
-9.816e-09
-9.94179e-09
-1.00573e-08
-1.01628e-08
-1.02585e-08
-1.03448e-08
-1.04219e-08
-1.049e-08
-1.05494e-08
-1.06005e-08
-1.06434e-08
-1.06784e-08
-1.07058e-08
-1.07258e-08
-1.07387e-08
-1.07448e-08
-1.07442e-08
-1.07373e-08
-1.07242e-08
-1.07052e-08
-1.06806e-08
-1.06505e-08
-1.06153e-08
-1.0575e-08
-1.053e-08
-1.04804e-08
-1.04264e-08
-1.03683e-08
-1.03062e-08
-1.02403e-08
-1.01709e-08
-1.0098e-08
-1.00219e-08
-9.94281e-09
-9.86081e-09
-9.77608e-09
-9.6888e-09
-9.59912e-09
-9.50717e-09
-9.41311e-09
-9.31708e-09
-9.21925e-09
-9.1197e-09
-9.01857e-09
-8.916e-09
-8.8121e-09
-8.70699e-09
-8.60078e-09
-8.49357e-09
-8.38548e-09
-8.2766e-09
-8.16703e-09
-8.05686e-09
-7.94617e-09
-7.83507e-09
-7.72362e-09
-7.61192e-09
-7.50002e-09
-7.38802e-09
-7.27597e-09
-7.16395e-09
-7.05202e-09
-6.94024e-09
-6.82867e-09
-6.71737e-09
-6.60639e-09
-6.49578e-09
-6.38559e-09
-6.27587e-09
-6.16666e-09
-6.058e-09
-5.94993e-09
-5.8425e-09
-5.73573e-09
-5.62967e-09
-5.52433e-09
-5.41977e-09
-5.31599e-09
-5.21303e-09
-5.11092e-09
-5.00968e-09
-4.90932e-09
-4.80988e-09
-4.71137e-09
-4.61381e-09
-4.51721e-09
-4.4216e-09
-4.32698e-09
-4.23336e-09
-4.14077e-09
-4.04921e-09
-3.9587e-09
-3.86923e-09
-3.78082e-09
-3.69347e-09
-3.6072e-09
-3.52201e-09
-3.43789e-09
-3.35487e-09
-3.27293e-09
-3.19208e-09
-3.11232e-09
-3.03366e-09
-2.95609e-09
-2.87961e-09
-2.80422e-09
-2.72993e-09
-2.65672e-09
-2.5846e-09
-2.51357e-09
-2.44362e-09
-2.37474e-09
-2.30693e-09
-2.2402e-09
-2.17452e-09
-2.1099e-09
-2.04634e-09
-1.98382e-09
-1.92234e-09
-1.8619e-09
-1.80248e-09
-1.74408e-09
-1.68669e-09
-1.63031e-09
-1.57492e-09
-1.52052e-09
-1.46711e-09
-1.41466e-09
-1.36318e-09
-1.31266e-09
-1.26308e-09
-1.21444e-09
-1.16673e-09
-1.11994e-09
-1.07406e-09
-1.02908e-09
-9.84988e-10
-9.41782e-10
-8.99447e-10
-8.57975e-10
-8.17357e-10
-7.77582e-10
-7.3864e-10
-7.00522e-10
-6.63219e-10
-6.26718e-10
-5.91013e-10
-5.5609e-10
-5.21943e-10
-4.88559e-10
-4.55929e-10
-4.24044e-10
-3.92893e-10
-3.62467e-10
-3.32755e-10
-3.03748e-10
-2.75435e-10
-2.47808e-10
-2.20855e-10
-1.94567e-10
-1.68936e-10
-1.43949e-10
-1.196e-10
-9.58762e-11
-7.27701e-11
-5.02709e-11
-2.83697e-11
-7.0578e-12
1.36754e-11
3.38391e-11
5.34418e-11
7.24926e-11
9.10012e-11
1.08977e-10
1.26428e-10
1.43365e-10
1.59794e-10
1.75725e-10
1.91168e-10
2.0613e-10
2.20621e-10
2.34648e-10
2.48221e-10
2.61346e-10
2.74035e-10
2.86293e-10
2.98127e-10
3.09548e-10
3.20564e-10
3.31181e-10
3.41408e-10
3.51252e-10
3.60722e-10
3.69824e-10
3.78565e-10
3.86954e-10
3.94997e-10
4.02703e-10
4.10079e-10
4.17129e-10
4.23862e-10
4.30286e-10
4.36406e-10
4.4223e-10
4.47763e-10
4.53014e-10
4.57986e-10
4.62689e-10
4.67127e-10
4.71307e-10
4.75235e-10
4.78917e-10
4.82359e-10
4.85566e-10
4.88546e-10
4.91303e-10
4.93843e-10
4.96171e-10
4.98294e-10
5.00216e-10
5.01943e-10
5.03479e-10
5.04831e-10
5.06003e-10
5.07e-10
5.07827e-10
5.08489e-10
5.08991e-10
5.09337e-10
5.09533e-10
5.09581e-10
5.09488e-10
5.09256e-10
5.08892e-10
5.08398e-10
5.0778e-10
5.0704e-10
5.06184e-10
5.05214e-10
5.04136e-10
5.02952e-10
5.01667e-10
5.00283e-10
4.98806e-10
4.97238e-10
4.95582e-10
4.93843e-10
4.92023e-10
4.90125e-10
4.88154e-10
4.86111e-10
4.84e-10
4.81825e-10
4.79588e-10
4.77291e-10
4.74938e-10
4.72532e-10
4.70074e-10
4.67569e-10
4.65018e-10
4.62424e-10
4.59789e-10
4.57116e-10
4.54407e-10
4.51665e-10
4.48891e-10
4.46088e-10
4.43259e-10
4.40404e-10
4.37527e-10
4.34629e-10
4.31711e-10
4.28777e-10
4.25828e-10
4.22865e-10
4.19891e-10
4.16907e-10
4.13914e-10
4.10915e-10
4.07911e-10
4.04903e-10
4.01893e-10
3.98883e-10
3.95873e-10
3.92865e-10
3.89861e-10
3.86861e-10
3.83867e-10
3.80881e-10
3.77902e-10
3.74933e-10
3.71974e-10
3.69027e-10
3.66093e-10
3.63171e-10
3.60264e-10
3.57373e-10
3.54498e-10
3.51639e-10
3.48799e-10
3.45977e-10
3.43174e-10
3.40392e-10
3.3763e-10
3.3489e-10
3.32172e-10
3.29476e-10
3.26804e-10
3.24155e-10
3.21531e-10
3.18932e-10
3.16357e-10
3.13809e-10
3.11286e-10
3.08791e-10
3.06322e-10
3.0388e-10
3.01466e-10
2.99079e-10
2.96721e-10
2.94392e-10
2.92091e-10
2.89819e-10
2.87576e-10
2.85362e-10
2.83178e-10
2.81024e-10
2.78899e-10
2.76805e-10
2.7474e-10
2.72705e-10
2.70701e-10
2.68727e-10
2.66783e-10
2.64869e-10
2.62986e-10
2.61133e-10
2.5931e-10
2.57518e-10
2.55756e-10
2.54024e-10
2.52322e-10
2.5065e-10
2.49009e-10
2.47397e-10
2.45815e-10
2.44262e-10
2.4274e-10
2.41246e-10
2.39782e-10
2.38347e-10
2.36941e-10
2.35564e-10
2.34215e-10
2.32895e-10
2.31603e-10
2.30339e-10
2.29103e-10
2.27895e-10
2.26714e-10
2.2556e-10
2.24433e-10
2.23333e-10
2.2226e-10
2.21213e-10
2.20192e-10
2.19196e-10
2.18227e-10
2.17282e-10
2.16363e-10
2.15468e-10
2.14598e-10
2.13752e-10
2.1293e-10
2.12132e-10
2.11357e-10
2.10605e-10
2.09876e-10
2.0917e-10
2.08486e-10
2.07824e-10
2.07183e-10
2.06564e-10
2.05966e-10
2.05389e-10
2.04833e-10
2.04297e-10
2.0378e-10
2.03284e-10
2.02807e-10
2.02349e-10
2.01909e-10
2.01488e-10
2.01086e-10
2.00701e-10
2.00334e-10
1.99984e-10
1.99651e-10
1.99335e-10
1.99036e-10
1.98752e-10
1.98485e-10
1.98233e-10
1.97996e-10
1.97775e-10
1.97568e-10
1.97376e-10
1.97198e-10
1.97033e-10
1.96883e-10
1.96746e-10
1.96622e-10
1.96511e-10
1.96412e-10
1.96326e-10
1.96252e-10
1.96189e-10
1.96138e-10
1.96099e-10
1.9607e-10
1.96052e-10
1.96045e-10
1.96048e-10
1.96061e-10
1.96084e-10
1.96117e-10
1.96158e-10
1.96209e-10
1.96269e-10
1.96338e-10
1.96414e-10
1.965e-10
1.96593e-10
1.96693e-10
1.96802e-10
1.96918e-10
1.9704e-10
1.9717e-10
1.97307e-10
1.9745e-10
1.97599e-10
1.97755e-10
1.97916e-10
1.98083e-10
1.98256e-10
1.98434e-10
1.98618e-10
1.98806e-10
1.98999e-10
1.99197e-10
1.994e-10
1.99607e-10
1.99818e-10
2.00033e-10
2.00252e-10
2.00474e-10
2.00701e-10
2.0093e-10
2.01163e-10
2.01399e-10
2.01638e-10
2.0188e-10
2.02125e-10
2.02372e-10
2.02622e-10
2.02874e-10
2.03128e-10
2.03384e-10
2.03643e-10
2.03903e-10
2.04165e-10
2.04428e-10
2.04693e-10
2.04959e-10
2.05227e-10
2.05496e-10
2.05766e-10
2.06037e-10
2.06308e-10
2.06581e-10
2.06854e-10
2.07128e-10
2.07403e-10
2.07678e-10
2.07953e-10
2.08229e-10
2.08505e-10
2.08781e-10
2.09057e-10
2.09333e-10
2.09609e-10
2.09885e-10
2.1016e-10
2.10436e-10
2.10711e-10
2.10985e-10
2.1126e-10
2.11533e-10
2.11807e-10
2.12079e-10
2.12351e-10
2.12622e-10
2.12893e-10
2.13162e-10
2.13431e-10
2.13699e-10
2.13966e-10
2.14232e-10
2.14497e-10
2.14761e-10
2.15024e-10
2.15286e-10
2.15547e-10
2.15806e-10
2.16065e-10
2.16322e-10
2.16578e-10
2.16832e-10
2.17086e-10
2.17338e-10
2.17588e-10
2.17838e-10
2.18086e-10
2.18332e-10
2.18577e-10
2.18821e-10
2.19064e-10
2.19304e-10
2.19544e-10
2.19782e-10
2.20018e-10
2.20253e-10
2.20487e-10
2.20719e-10
2.20949e-10
2.21178e-10
2.21405e-10
2.21631e-10
2.21856e-10
2.22078e-10
2.223e-10
2.2252e-10
2.22738e-10
2.22955e-10
2.2317e-10
2.23383e-10
2.23596e-10
2.23806e-10
2.24015e-10
2.24223e-10
2.24429e-10
2.24634e-10
2.24837e-10
2.25039e-10
2.25239e-10
2.25437e-10
2.25635e-10
2.25831e-10
2.26025e-10
2.26218e-10
2.26409e-10
2.26599e-10
2.26788e-10
2.26975e-10
2.27161e-10
2.27346e-10
2.27529e-10
2.27711e-10
2.27892e-10
2.28071e-10
2.28249e-10
2.28425e-10
2.28601e-10
2.28775e-10
2.28948e-10
2.29119e-10
2.2929e-10
2.29459e-10
2.29627e-10
2.29794e-10
2.2996e-10
2.30124e-10
2.30288e-10
2.3045e-10
2.30611e-10
2.30772e-10
2.30931e-10
2.31089e-10
2.31246e-10
2.31402e-10
2.31557e-10
2.31711e-10
2.31864e-10
2.32016e-10
2.32167e-10
2.32317e-10
2.32467e-10
2.32615e-10
2.32763e-10
2.3291e-10
2.33055e-10
2.33201e-10
2.33345e-10
2.33488e-10
2.33631e-10
2.33773e-10
2.33914e-10
2.34055e-10
2.34194e-10
2.34334e-10
2.34472e-10
2.3461e-10
2.34747e-10
2.34883e-10
2.35019e-10
2.35154e-10
2.35289e-10
2.35423e-10
2.35556e-10
2.35689e-10
2.35821e-10
2.35953e-10
2.36085e-10
2.36215e-10
2.36346e-10
2.36476e-10
2.36605e-10
2.36734e-10
2.36863e-10
2.36991e-10
2.37119e-10
2.37246e-10
2.37373e-10
2.375e-10
2.37626e-10
2.37752e-10
2.37877e-10
2.38003e-10
2.38127e-10
2.38252e-10
2.38376e-10
2.38501e-10
2.38624e-10
2.38748e-10
2.38871e-10
2.38994e-10
2.39117e-10
2.3924e-10
2.39362e-10
2.39485e-10
2.39607e-10
2.39728e-10
2.3985e-10
2.39972e-10
2.40093e-10
2.40214e-10
2.40335e-10
2.40456e-10
2.40577e-10
2.40698e-10
2.40819e-10
2.40939e-10
2.4106e-10
2.4118e-10
2.413e-10
2.41421e-10
2.41541e-10
2.41661e-10
2.41781e-10
2.41901e-10
2.42021e-10
2.42141e-10
2.42261e-10
2.42381e-10
2.42501e-10
2.4262e-10
2.4274e-10
2.4286e-10
2.4298e-10
2.431e-10
2.4322e-10
2.4334e-10
2.4346e-10
2.43579e-10
2.43699e-10
2.43819e-10
2.43939e-10
2.4406e-10
2.4418e-10
2.443e-10
2.4442e-10
2.4454e-10
2.4466e-10
2.44781e-10
2.44901e-10
2.45022e-10
2.45142e-10
2.45263e-10
2.45383e-10
2.45504e-10
2.45625e-10
2.45746e-10
2.45867e-10
2.45988e-10
2.46109e-10
2.4623e-10
2.46351e-10
2.46472e-10
2.46594e-10
2.46715e-10
2.46837e-10
2.46958e-10
2.4708e-10
2.47202e-10
2.47324e-10
2.47446e-10
2.47568e-10
2.4769e-10
2.47812e-10
2.47934e-10
2.48056e-10
2.48179e-10
2.48301e-10
2.48424e-10
2.48547e-10
2.48669e-10
2.48792e-10
2.48915e-10
2.49038e-10
2.49161e-10
2.49284e-10
2.49407e-10
2.49531e-10
2.49654e-10
2.49777e-10
2.49901e-10
2.50025e-10
2.50148e-10
2.50272e-10
2.50396e-10
2.50519e-10
2.50643e-10
2.50767e-10
2.50891e-10
2.51015e-10
2.51139e-10
2.51264e-10
2.51388e-10
2.51512e-10
2.51636e-10
2.51761e-10
2.51885e-10
2.5201e-10
2.52134e-10
2.52259e-10
2.52383e-10
2.52508e-10
2.52633e-10
2.52757e-10
2.52882e-10
2.53007e-10
2.53132e-10
2.53256e-10
2.53381e-10
2.53506e-10
2.53631e-10
2.53756e-10
2.53881e-10
2.54005e-10
2.5413e-10
2.54255e-10
2.5438e-10
2.54505e-10
2.5463e-10
2.54697e-10
-4.99745e-07
-4.99735e-07
-4.99707e-07
-4.99598e-07
-4.99351e-07
-4.98971e-07
-4.98596e-07
-4.97943e-07
-4.96958e-07
-4.95416e-07
-4.9418e-07
-4.93215e-07
-4.92481e-07
-4.91631e-07
-4.91217e-07
-4.91126e-07
-4.91461e-07
-4.92189e-07
-4.93983e-07
-4.95588e-07
-4.96715e-07
-4.97258e-07
-4.97261e-07
-4.96234e-07
-4.94176e-07
-4.91378e-07
-4.85856e-07
-4.79714e-07
-4.70217e-07
-4.61014e-07
-4.52353e-07
-4.44259e-07
-4.3668e-07
-4.25481e-07
-4.15246e-07
-4.05726e-07
-3.96795e-07
-3.88303e-07
-3.80236e-07
-3.72501e-07
-3.65103e-07
-3.57931e-07
-3.51045e-07
-3.44336e-07
-3.37876e-07
-3.31535e-07
-3.25436e-07
-3.19429e-07
-3.13647e-07
-3.07909e-07
-3.0241e-07
-2.96932e-07
-2.91689e-07
-2.86426e-07
-2.81336e-07
-2.76381e-07
-2.7156e-07
-2.6674e-07
-2.62044e-07
-2.59003e-07
-2.55978e-07
-2.52978e-07
-2.50019e-07
-2.47112e-07
-2.44239e-07
-2.41396e-07
-2.38591e-07
-2.35824e-07
-2.33092e-07
-2.30393e-07
-2.27728e-07
-2.25096e-07
-2.22496e-07
-2.19929e-07
-2.17392e-07
-2.15743e-07
-2.14106e-07
-2.12483e-07
-2.10872e-07
-2.09274e-07
-2.07689e-07
-2.06117e-07
-2.04556e-07
-2.03009e-07
-2.01473e-07
-1.99949e-07
-1.98437e-07
-1.96937e-07
-1.95449e-07
-1.93972e-07
-1.92506e-07
-1.91052e-07
-1.89609e-07
-1.88177e-07
-1.86755e-07
-1.85771e-07
-1.84792e-07
-1.83817e-07
-1.82848e-07
-1.81884e-07
-1.80926e-07
-1.79972e-07
-1.79023e-07
-1.78079e-07
-1.77141e-07
-1.76207e-07
-1.75278e-07
-1.74353e-07
-1.73434e-07
-1.72519e-07
-1.7161e-07
-1.70704e-07
-1.69804e-07
-1.68908e-07
-1.68017e-07
-1.6713e-07
-1.66248e-07
-1.6537e-07
-1.64497e-07
-1.63629e-07
-1.62764e-07
-1.61905e-07
-1.61049e-07
-1.60198e-07
-1.59351e-07
-1.58509e-07
-1.5767e-07
-1.56836e-07
-1.56006e-07
-1.5518e-07
-1.54359e-07
-1.53541e-07
-1.52728e-07
-1.51918e-07
-1.51113e-07
-1.50312e-07
-1.49514e-07
-1.48721e-07
-1.47931e-07
-1.47145e-07
-1.46364e-07
-1.45586e-07
-1.44812e-07
-1.44041e-07
-1.43275e-07
-1.42512e-07
-1.41753e-07
-1.40997e-07
-1.40245e-07
-1.39497e-07
-1.38753e-07
-1.38012e-07
-1.37274e-07
-1.3654e-07
-1.3581e-07
-1.35083e-07
-1.3436e-07
-1.3364e-07
-1.32924e-07
-1.32211e-07
-1.31501e-07
-1.30795e-07
-1.30092e-07
-1.29392e-07
-1.28696e-07
-1.28003e-07
-1.27313e-07
-1.26627e-07
-1.25944e-07
-1.25264e-07
-1.24587e-07
-1.23913e-07
-1.23242e-07
-1.22575e-07
-1.21911e-07
-1.21249e-07
-1.20591e-07
-1.19936e-07
-1.18956e-07
-1.17983e-07
-1.17017e-07
-1.15516e-07
-1.14031e-07
-1.12562e-07
-1.10138e-07
-1.07757e-07
-1.04123e-07
-1.0059e-07
-9.71489e-08
-9.38013e-08
-9.05419e-08
-8.73687e-08
-8.42778e-08
-8.12671e-08
-7.83337e-08
-7.54755e-08
-7.26898e-08
-6.99745e-08
-6.73274e-08
-6.47465e-08
-6.22297e-08
-5.97753e-08
-5.73813e-08
-5.50461e-08
-5.2768e-08
-5.05454e-08
-4.83768e-08
-4.62608e-08
-4.41958e-08
-4.21806e-08
-4.02139e-08
-3.82943e-08
-3.54498e-08
-3.27065e-08
-3.00647e-08
-2.75181e-08
-2.50647e-08
-2.26997e-08
-2.04211e-08
-1.82253e-08
-1.61112e-08
-1.4072e-08
-1.21096e-08
-1.02191e-08
-8.39976e-09
-6.64778e-09
-4.96225e-09
-3.34026e-09
-1.7806e-09
-2.8081e-10
1.16044e-09
2.54527e-09
3.87424e-09
5.1508e-09
6.37565e-09
7.55076e-09
8.67613e-09
9.75338e-09
1.07854e-08
1.17726e-08
1.27162e-08
1.36181e-08
1.44779e-08
1.52981e-08
1.60791e-08
1.68227e-08
1.75288e-08
1.82005e-08
1.88366e-08
1.94395e-08
2.00092e-08
2.05474e-08
2.10541e-08
2.15314e-08
2.19796e-08
2.23994e-08
2.27922e-08
2.31574e-08
2.34972e-08
2.38125e-08
2.41026e-08
2.43699e-08
2.46135e-08
2.48354e-08
2.50363e-08
2.52156e-08
2.53751e-08
2.55154e-08
2.56367e-08
2.57402e-08
2.58254e-08
2.5894e-08
2.59463e-08
2.59827e-08
2.60041e-08
2.60105e-08
2.60028e-08
2.59814e-08
2.5947e-08
2.58998e-08
2.58407e-08
2.57697e-08
2.56875e-08
2.5595e-08
2.55699e-08
2.55444e-08
2.55183e-08
2.54916e-08
2.54643e-08
2.54363e-08
2.53819e-08
2.53255e-08
2.52669e-08
2.51559e-08
2.50383e-08
2.49149e-08
2.47855e-08
2.46504e-08
2.45101e-08
2.43646e-08
2.42141e-08
2.40591e-08
2.38995e-08
2.37356e-08
2.35678e-08
2.3396e-08
2.32206e-08
2.30417e-08
2.28595e-08
2.26743e-08
2.24861e-08
2.22952e-08
2.21016e-08
2.19056e-08
2.17075e-08
2.15072e-08
2.1305e-08
2.11009e-08
2.08953e-08
2.06881e-08
2.04796e-08
2.02698e-08
2.00589e-08
1.9847e-08
1.96342e-08
1.94207e-08
1.92066e-08
1.8992e-08
1.87769e-08
1.85615e-08
1.8346e-08
1.81303e-08
1.79146e-08
1.7699e-08
1.74836e-08
1.72684e-08
1.70535e-08
1.68391e-08
1.66251e-08
1.64118e-08
1.6199e-08
1.5987e-08
1.57757e-08
1.55653e-08
1.53558e-08
1.51471e-08
1.49396e-08
1.47331e-08
1.45277e-08
1.43235e-08
1.41204e-08
1.39187e-08
1.37182e-08
1.35191e-08
1.33213e-08
1.3125e-08
1.29301e-08
1.27368e-08
1.25449e-08
1.23546e-08
1.21658e-08
1.19786e-08
1.17931e-08
1.16092e-08
1.1427e-08
1.12464e-08
1.10676e-08
1.08905e-08
1.07151e-08
1.05415e-08
1.03697e-08
1.01996e-08
1.00313e-08
9.86486e-09
9.70013e-09
9.5373e-09
9.37625e-09
9.21698e-09
9.05962e-09
8.90402e-09
8.7503e-09
8.59844e-09
8.44833e-09
8.30014e-09
8.15374e-09
8.00914e-09
7.86644e-09
7.72549e-09
7.58642e-09
7.44913e-09
7.31369e-09
7.18001e-09
7.04819e-09
6.91811e-09
6.78978e-09
6.66327e-09
6.53852e-09
6.41553e-09
6.29431e-09
6.17475e-09
6.05696e-09
5.94087e-09
5.82651e-09
5.7138e-09
5.6028e-09
5.49344e-09
5.38575e-09
5.27968e-09
5.17526e-09
5.07243e-09
4.97121e-09
4.87156e-09
4.77349e-09
4.677e-09
4.58201e-09
4.48855e-09
4.39657e-09
4.30613e-09
4.21719e-09
4.12964e-09
4.04361e-09
3.95898e-09
3.87573e-09
3.79395e-09
3.71349e-09
3.63445e-09
3.55677e-09
3.48036e-09
3.40532e-09
3.33161e-09
3.25912e-09
3.18797e-09
3.11804e-09
3.04935e-09
2.98186e-09
2.91562e-09
2.85059e-09
2.78668e-09
2.72398e-09
2.6624e-09
2.60193e-09
2.54262e-09
2.48436e-09
2.42722e-09
2.37112e-09
2.3161e-09
2.26209e-09
2.20914e-09
2.15715e-09
2.10619e-09
2.05618e-09
2.00712e-09
1.95904e-09
1.91186e-09
1.86563e-09
1.82027e-09
1.77583e-09
1.73223e-09
1.68953e-09
1.64764e-09
1.60662e-09
1.56638e-09
1.52698e-09
1.48834e-09
1.45052e-09
1.41343e-09
1.37713e-09
1.34153e-09
1.30669e-09
1.27254e-09
1.23913e-09
1.20637e-09
1.17432e-09
1.14293e-09
1.11217e-09
1.08209e-09
1.05262e-09
1.02378e-09
9.95564e-10
9.67914e-10
9.40884e-10
9.14415e-10
8.885e-10
8.63167e-10
8.38354e-10
8.14095e-10
7.9035e-10
7.67133e-10
7.4441e-10
7.222e-10
7.00451e-10
6.79203e-10
6.58411e-10
6.38077e-10
6.18185e-10
5.98746e-10
5.79748e-10
5.61152e-10
5.42992e-10
5.25218e-10
5.07865e-10
4.90881e-10
4.74302e-10
4.58077e-10
4.42241e-10
4.26744e-10
4.11621e-10
3.96823e-10
3.82383e-10
3.68256e-10
3.54472e-10
3.40987e-10
3.27832e-10
3.14972e-10
3.02402e-10
2.9014e-10
2.7815e-10
2.66454e-10
2.55015e-10
2.4386e-10
2.32951e-10
2.22313e-10
2.11913e-10
2.01771e-10
1.91855e-10
1.82188e-10
1.72737e-10
1.63523e-10
1.54516e-10
1.45736e-10
1.37155e-10
1.2879e-10
1.20614e-10
1.12646e-10
1.04858e-10
9.72685e-11
8.98519e-11
8.26243e-11
7.55619e-11
6.86801e-11
6.19559e-11
5.54042e-11
4.9003e-11
4.27664e-11
3.66736e-11
3.07377e-11
2.4939e-11
1.92902e-11
1.37722e-11
8.39722e-12
3.147e-12
-1.96687e-12
-6.96172e-12
-1.18265e-11
-1.65779e-11
-2.12069e-11
-2.57206e-11
-3.01278e-11
-3.44199e-11
-3.86082e-11
-4.26946e-11
-4.66747e-11
-5.05602e-11
-5.43454e-11
-5.80355e-11
-6.16377e-11
-6.51452e-11
-6.85671e-11
-7.19051e-11
-7.51555e-11
-7.83281e-11
-8.14181e-11
-8.44323e-11
-8.73673e-11
-9.02304e-11
-9.3022e-11
-9.57441e-11
-9.83953e-11
-1.0098e-10
-1.03498e-10
-1.05954e-10
-1.08346e-10
-1.10678e-10
-1.1295e-10
-1.15165e-10
-1.17323e-10
-1.19426e-10
-1.21475e-10
-1.23472e-10
-1.25417e-10
-1.27312e-10
-1.29159e-10
-1.30958e-10
-1.32709e-10
-1.34417e-10
-1.36079e-10
-1.37699e-10
-1.39278e-10
-1.40813e-10
-1.4231e-10
-1.43767e-10
-1.45185e-10
-1.46568e-10
-1.47912e-10
-1.49222e-10
-1.50498e-10
-1.51738e-10
-1.52947e-10
-1.54122e-10
-1.55266e-10
-1.56379e-10
-1.57462e-10
-1.58515e-10
-1.5954e-10
-1.60538e-10
-1.61507e-10
-1.6245e-10
-1.63366e-10
-1.64257e-10
-1.65123e-10
-1.65965e-10
-1.66782e-10
-1.67577e-10
-1.68348e-10
-1.69098e-10
-1.69825e-10
-1.70532e-10
-1.71216e-10
-1.71882e-10
-1.72526e-10
-1.73152e-10
-1.73758e-10
-1.74346e-10
-1.74915e-10
-1.75467e-10
-1.76e-10
-1.76517e-10
-1.773e-10
-1.78042e-10
-1.78744e-10
-1.7941e-10
-1.80037e-10
-1.80628e-10
-1.81186e-10
-1.81709e-10
-1.822e-10
-1.82658e-10
-1.83087e-10
-1.83484e-10
-1.83852e-10
-1.84194e-10
-1.84274e-10
-1.84353e-10
-1.8443e-10
-1.84506e-10
-1.8458e-10
-1.84653e-10
-1.84724e-10
-1.84793e-10
-1.84918e-10
-1.85039e-10
-1.85209e-10
-1.85367e-10
-1.85512e-10
-1.85646e-10
-1.85767e-10
-1.85878e-10
-1.85976e-10
-1.86063e-10
-1.86139e-10
-1.86205e-10
-1.86259e-10
-1.86303e-10
-1.86337e-10
-1.86361e-10
-1.86375e-10
-1.86379e-10
-1.86373e-10
-1.86358e-10
-1.86333e-10
-1.86299e-10
-1.86256e-10
-1.86205e-10
-1.86144e-10
-1.86075e-10
-1.85997e-10
-1.85911e-10
-1.85817e-10
-1.85714e-10
-1.85604e-10
-1.85485e-10
-1.85359e-10
-1.85225e-10
-1.85084e-10
-1.84935e-10
-1.84779e-10
-1.84615e-10
-1.84444e-10
-1.84267e-10
-1.84082e-10
-1.83891e-10
-1.83692e-10
-1.83487e-10
-1.83276e-10
-1.83058e-10
-1.82834e-10
-1.82603e-10
-1.82366e-10
-1.82123e-10
-1.81874e-10
-1.8162e-10
-1.81359e-10
-1.81092e-10
-1.8082e-10
-1.80542e-10
-1.80259e-10
-1.7997e-10
-1.79675e-10
-1.79376e-10
-1.79071e-10
-1.78761e-10
-1.78446e-10
-1.78126e-10
-1.77801e-10
-1.77471e-10
-1.77136e-10
-1.76796e-10
-1.76452e-10
-1.76103e-10
-1.7575e-10
-1.75392e-10
-1.7503e-10
-1.74663e-10
-1.74293e-10
-1.73918e-10
-1.73538e-10
-1.73155e-10
-1.72768e-10
-1.72377e-10
-1.71982e-10
-1.71583e-10
-1.7118e-10
-1.70774e-10
-1.70364e-10
-1.6995e-10
-1.69533e-10
-1.69112e-10
-1.68688e-10
-1.68261e-10
-1.6783e-10
-1.67396e-10
-1.66959e-10
-1.66518e-10
-1.66075e-10
-1.65629e-10
-1.65179e-10
-1.64727e-10
-1.64272e-10
-1.63814e-10
-1.63354e-10
-1.6289e-10
-1.62424e-10
-1.61956e-10
-1.61485e-10
-1.61011e-10
-1.60535e-10
-1.60057e-10
-1.59576e-10
-1.59093e-10
-1.58608e-10
-1.5812e-10
-1.57631e-10
-1.57139e-10
-1.56645e-10
-1.56149e-10
-1.55652e-10
-1.55152e-10
-1.54651e-10
-1.54147e-10
-1.53642e-10
-1.53136e-10
-1.52627e-10
-1.52117e-10
-1.51605e-10
-1.51092e-10
-1.50578e-10
-1.50061e-10
-1.49544e-10
-1.49025e-10
-1.48504e-10
-1.47983e-10
-1.4746e-10
-1.46936e-10
-1.46411e-10
-1.45884e-10
-1.45357e-10
-1.44828e-10
-1.44299e-10
-1.43768e-10
-1.43237e-10
-1.42704e-10
-1.42171e-10
-1.41637e-10
-1.41102e-10
-1.40566e-10
-1.4003e-10
-1.39493e-10
-1.38955e-10
-1.38416e-10
-1.37877e-10
-1.37338e-10
-1.36798e-10
-1.36257e-10
-1.35716e-10
-1.35175e-10
-1.34633e-10
-1.3409e-10
-1.33548e-10
-1.33005e-10
-1.32462e-10
-1.31918e-10
-1.31375e-10
-1.30831e-10
-1.30287e-10
-1.29743e-10
-1.29198e-10
-1.28654e-10
-1.2811e-10
-1.27565e-10
-1.27021e-10
-1.26476e-10
-1.25932e-10
-1.25388e-10
-1.24843e-10
-1.24299e-10
-1.23755e-10
-1.23212e-10
-1.22668e-10
-1.22125e-10
-1.21581e-10
-1.21039e-10
-1.20496e-10
-1.19954e-10
-1.19412e-10
-1.1887e-10
-1.18329e-10
-1.17788e-10
-1.17248e-10
-1.16708e-10
-1.16168e-10
-1.15629e-10
-1.1509e-10
-1.14552e-10
-1.14014e-10
-1.13477e-10
-1.12941e-10
-1.12405e-10
-1.1187e-10
-1.11335e-10
-1.10801e-10
-1.10267e-10
-1.09734e-10
-1.09202e-10
-1.08671e-10
-1.0814e-10
-1.0761e-10
-1.07081e-10
-1.06552e-10
-1.06024e-10
-1.05497e-10
-1.04971e-10
-1.04445e-10
-1.03921e-10
-1.03397e-10
-1.02874e-10
-1.02352e-10
-1.0183e-10
-1.0131e-10
-1.0079e-10
-1.00272e-10
-9.9754e-11
-9.92371e-11
-9.87212e-11
-9.82063e-11
-9.76923e-11
-9.71792e-11
-9.66671e-11
-9.6156e-11
-9.56459e-11
-9.51368e-11
-9.46286e-11
-9.41215e-11
-9.36154e-11
-9.31104e-11
-9.26064e-11
-9.21034e-11
-9.16015e-11
-9.11006e-11
-9.06008e-11
-9.01021e-11
-8.96044e-11
-8.91079e-11
-8.86124e-11
-8.8118e-11
-8.76248e-11
-8.71327e-11
-8.66417e-11
-8.61518e-11
-8.5663e-11
-8.51754e-11
-8.46889e-11
-8.42036e-11
-8.37195e-11
-8.32364e-11
-8.27546e-11
-8.22739e-11
-8.17944e-11
-8.1316e-11
-8.08388e-11
-8.03629e-11
-7.98881e-11
-7.94145e-11
-7.89421e-11
-7.84708e-11
-7.80009e-11
-7.75321e-11
-7.70645e-11
-7.65981e-11
-7.61329e-11
-7.5669e-11
-7.52062e-11
-7.47447e-11
-7.42844e-11
-7.38253e-11
-7.33675e-11
-7.29109e-11
-7.24555e-11
-7.20014e-11
-7.15484e-11
-7.10968e-11
-7.06463e-11
-7.01972e-11
-6.97492e-11
-6.93025e-11
-6.88571e-11
-6.84129e-11
-6.79699e-11
-6.75282e-11
-6.70877e-11
-6.66485e-11
-6.62105e-11
-6.57738e-11
-6.53383e-11
-6.49041e-11
-6.44711e-11
-6.40394e-11
-6.3609e-11
-6.31798e-11
-6.27518e-11
-6.23251e-11
-6.18996e-11
-6.14755e-11
-6.10525e-11
-6.06308e-11
-6.02104e-11
-5.97912e-11
-5.93732e-11
-5.89566e-11
-5.85411e-11
-5.81269e-11
-5.7714e-11
-5.73023e-11
-5.68919e-11
-5.64826e-11
-5.60747e-11
-5.5668e-11
-5.52625e-11
-5.48583e-11
-5.44553e-11
-5.40536e-11
-5.36531e-11
-5.32538e-11
-5.28558e-11
-5.2459e-11
-5.20635e-11
-5.16692e-11
-5.12761e-11
-5.08842e-11
-5.04935e-11
-5.01042e-11
-4.9716e-11
-4.9329e-11
-4.89433e-11
-4.85588e-11
-4.81755e-11
-4.77934e-11
-4.74126e-11
-4.70329e-11
-4.66544e-11
-4.62772e-11
-4.59012e-11
-4.55264e-11
-4.51528e-11
-4.47804e-11
-4.44092e-11
-4.40392e-11
-4.36704e-11
-4.33027e-11
-4.29363e-11
-4.25711e-11
-4.2207e-11
-4.18442e-11
-4.14825e-11
-4.1122e-11
-4.07627e-11
-4.04045e-11
-4.00476e-11
-3.96918e-11
-3.93371e-11
-3.89837e-11
-3.86314e-11
-3.82802e-11
-3.79303e-11
-3.75814e-11
-3.72338e-11
-3.68873e-11
-3.65419e-11
-3.61977e-11
-3.58546e-11
-3.55127e-11
-3.5172e-11
-3.48323e-11
-3.44938e-11
-3.41564e-11
-3.38202e-11
-3.3485e-11
-3.31511e-11
-3.28182e-11
-3.24864e-11
-3.21558e-11
-3.18263e-11
-3.14979e-11
-3.11706e-11
-3.08444e-11
-3.05193e-11
-3.01953e-11
-2.98725e-11
-2.95507e-11
-2.923e-11
-2.89104e-11
-2.85919e-11
-2.82744e-11
-2.79581e-11
-2.76428e-11
-2.73286e-11
-2.70155e-11
-2.67035e-11
-2.63925e-11
-2.60826e-11
-2.57738e-11
-2.5466e-11
-2.51593e-11
-2.48536e-11
-2.4549e-11
-2.42454e-11
-2.39429e-11
-2.36414e-11
-2.3341e-11
-2.30416e-11
-2.27432e-11
-2.24459e-11
-2.21496e-11
-2.18544e-11
-2.15601e-11
-2.12669e-11
-2.09747e-11
-2.06835e-11
-2.03934e-11
-2.01042e-11
-1.98161e-11
-1.95289e-11
-1.92428e-11
-1.89577e-11
-1.86735e-11
-1.83904e-11
-1.81082e-11
-1.7827e-11
-1.75469e-11
-1.72676e-11
-1.69895e-11
-1.67122e-11
-1.6436e-11
-1.61607e-11
-1.58863e-11
-1.5613e-11
-1.53406e-11
-1.50692e-11
-1.47987e-11
-1.45292e-11
-1.42606e-11
-1.3993e-11
-1.37264e-11
-1.34606e-11
-1.31958e-11
-1.2932e-11
-1.26691e-11
-1.24072e-11
-1.21461e-11
-1.1886e-11
-1.16268e-11
-1.13686e-11
-1.11112e-11
-1.08548e-11
-1.05993e-11
-1.03447e-11
-1.0091e-11
-9.83827e-12
-9.5864e-12
-9.33539e-12
-9.08535e-12
-8.83614e-12
-8.58788e-12
-8.34049e-12
-8.09396e-12
-7.84837e-12
-7.6036e-12
-7.35976e-12
-7.11678e-12
-6.87465e-12
-6.63343e-12
-6.39305e-12
-6.15357e-12
-5.91493e-12
-5.67714e-12
-5.44024e-12
-5.20419e-12
-4.96897e-12
-4.73462e-12
-4.50109e-12
-4.26846e-12
-4.03661e-12
-3.80566e-12
-3.57552e-12
-3.34618e-12
-3.11774e-12
-2.89007e-12
-2.66327e-12
-2.4373e-12
-2.21209e-12
-1.98777e-12
-1.76422e-12
-1.54153e-12
-1.31963e-12
-1.09851e-12
-8.78242e-13
-6.58762e-13
-4.40087e-13
-2.22193e-13
-5.09785e-15
2.11168e-13
4.26686e-13
6.41377e-13
8.55294e-13
1.06845e-12
1.28078e-12
1.49238e-12
1.70315e-12
1.91317e-12
2.12244e-12
2.3309e-12
2.53863e-12
2.74556e-12
2.95173e-12
3.15718e-12
3.36182e-12
3.56573e-12
3.76889e-12
3.9713e-12
4.17298e-12
4.37387e-12
4.57405e-12
4.77346e-12
4.97216e-12
5.17013e-12
5.36732e-12
5.56383e-12
5.75957e-12
5.95459e-12
6.14892e-12
6.34248e-12
6.53537e-12
6.72751e-12
6.91892e-12
7.10967e-12
7.29964e-12
7.48893e-12
7.67753e-12
7.86542e-12
8.05262e-12
8.23909e-12
8.4249e-12
8.60998e-12
8.79438e-12
8.9781e-12
9.1611e-12
9.34346e-12
9.5251e-12
9.70607e-12
9.88638e-12
1.0066e-11
1.02449e-11
1.04232e-11
1.06008e-11
1.07777e-11
1.0954e-11
1.11296e-11
1.13045e-11
1.14788e-11
1.16524e-11
1.18254e-11
1.19977e-11
1.21693e-11
1.23403e-11
1.25107e-11
1.26804e-11
1.28495e-11
1.3018e-11
1.31857e-11
1.33529e-11
1.35194e-11
1.36853e-11
1.38506e-11
1.40152e-11
1.41793e-11
1.43426e-11
1.45054e-11
1.46675e-11
1.48291e-11
1.499e-11
1.51503e-11
1.53099e-11
1.5469e-11
1.56275e-11
1.57854e-11
1.59426e-11
1.60993e-11
1.62553e-11
1.64108e-11
1.65657e-11
1.67199e-11
1.68736e-11
1.70267e-11
1.71792e-11
1.73311e-11
1.74825e-11
1.76332e-11
1.77834e-11
1.7933e-11
1.8082e-11
1.82304e-11
1.83783e-11
1.85256e-11
1.86723e-11
1.88185e-11
1.89641e-11
1.91091e-11
1.92536e-11
1.93975e-11
1.95409e-11
1.96836e-11
1.98259e-11
1.99676e-11
2.01087e-11
2.02493e-11
2.03894e-11
2.05289e-11
2.06678e-11
2.08063e-11
2.09442e-11
2.10815e-11
2.12183e-11
2.13546e-11
2.14903e-11
2.16255e-11
2.17602e-11
2.18944e-11
2.2028e-11
2.21611e-11
2.22937e-11
2.24258e-11
2.25573e-11
2.26884e-11
2.28189e-11
2.29489e-11
2.30784e-11
2.32074e-11
2.33359e-11
2.34638e-11
2.35913e-11
2.37183e-11
2.38447e-11
2.39707e-11
2.40962e-11
2.42212e-11
2.43456e-11
2.44696e-11
2.45931e-11
2.47161e-11
2.48387e-11
2.49607e-11
2.50822e-11
2.52033e-11
2.53239e-11
2.5444e-11
2.55636e-11
2.56828e-11
2.58015e-11
2.59197e-11
2.60374e-11
2.61547e-11
2.62715e-11
2.63878e-11
2.65037e-11
2.66191e-11
2.6734e-11
2.68485e-11
2.69625e-11
2.70761e-11
2.71892e-11
2.73018e-11
2.7414e-11
2.75258e-11
2.76371e-11
2.77479e-11
2.78583e-11
2.79683e-11
2.80778e-11
2.81869e-11
2.82955e-11
2.84037e-11
2.85115e-11
2.86188e-11
2.87257e-11
2.88322e-11
2.89382e-11
2.90438e-11
2.91489e-11
2.92537e-11
2.9358e-11
2.94619e-11
2.95653e-11
2.96684e-11
2.9771e-11
2.98732e-11
2.9975e-11
3.00764e-11
3.01773e-11
3.02779e-11
3.0378e-11
3.04777e-11
3.0577e-11
3.06759e-11
3.07744e-11
3.08725e-11
3.09702e-11
3.10675e-11
3.11644e-11
3.12609e-11
3.1357e-11
3.14527e-11
3.1548e-11
3.16429e-11
3.17374e-11
3.18315e-11
3.19252e-11
3.20186e-11
3.21115e-11
3.22041e-11
3.22963e-11
3.23881e-11
3.24795e-11
3.25706e-11
3.26612e-11
3.27515e-11
3.28414e-11
3.2931e-11
3.30201e-11
3.31089e-11
3.31973e-11
3.32853e-11
3.3373e-11
3.34603e-11
3.35473e-11
3.36339e-11
3.37201e-11
3.38059e-11
3.38914e-11
3.39765e-11
3.40613e-11
3.41457e-11
3.42298e-11
3.43134e-11
3.43968e-11
3.44798e-11
3.45624e-11
3.46447e-11
3.47266e-11
3.48082e-11
3.48895e-11
3.49704e-11
3.50509e-11
3.51311e-11
3.5211e-11
3.52905e-11
3.53697e-11
3.54486e-11
3.55271e-11
3.56052e-11
3.56831e-11
3.57606e-11
3.58377e-11
3.59146e-11
3.59911e-11
3.60673e-11
3.61431e-11
3.62186e-11
3.62938e-11
3.63687e-11
3.64433e-11
3.65175e-11
3.65914e-11
3.6665e-11
3.67382e-11
3.68112e-11
3.68838e-11
3.69561e-11
3.70281e-11
3.70998e-11
3.71711e-11
3.72422e-11
3.73129e-11
3.73834e-11
3.74535e-11
3.75233e-11
3.75928e-11
3.7662e-11
3.77309e-11
3.77995e-11
3.78678e-11
3.79358e-11
3.80035e-11
3.80709e-11
3.8138e-11
3.82048e-11
3.82713e-11
3.83375e-11
3.84034e-11
3.8469e-11
3.85344e-11
3.85994e-11
3.86641e-11
3.87286e-11
3.87928e-11
3.88566e-11
3.89202e-11
3.89835e-11
3.90466e-11
3.91093e-11
3.91718e-11
3.9234e-11
3.92958e-11
3.93575e-11
3.94188e-11
3.94799e-11
3.95407e-11
3.96012e-11
3.96614e-11
3.97214e-11
3.97811e-11
3.98405e-11
3.98996e-11
3.99585e-11
4.00171e-11
4.00754e-11
4.01335e-11
4.01913e-11
4.02489e-11
4.03061e-11
4.03632e-11
4.04199e-11
4.04764e-11
4.05326e-11
4.05886e-11
4.06443e-11
4.06997e-11
4.07549e-11
4.08099e-11
4.08646e-11
4.0919e-11
4.09731e-11
4.10271e-11
4.10807e-11
4.11341e-11
4.11873e-11
4.12402e-11
4.12929e-11
4.13453e-11
4.13975e-11
4.14494e-11
4.15011e-11
4.15526e-11
4.16038e-11
4.16547e-11
4.17054e-11
4.17559e-11
4.18061e-11
4.18561e-11
4.19059e-11
4.19554e-11
4.20047e-11
4.20537e-11
4.21025e-11
4.21511e-11
4.21994e-11
4.22476e-11
4.22954e-11
4.23431e-11
4.23905e-11
4.24377e-11
4.24846e-11
4.25314e-11
4.25779e-11
4.26242e-11
4.26702e-11
4.2716e-11
4.27616e-11
4.2807e-11
4.28522e-11
4.28971e-11
4.29418e-11
4.29863e-11
4.30306e-11
4.30747e-11
4.31185e-11
4.31621e-11
4.32055e-11
4.32487e-11
4.32917e-11
4.33345e-11
4.3377e-11
4.34193e-11
4.34615e-11
4.35034e-11
4.35451e-11
4.35866e-11
4.36279e-11
4.3669e-11
4.37098e-11
4.37505e-11
4.37909e-11
4.38312e-11
4.38712e-11
4.39111e-11
4.39507e-11
4.39902e-11
4.40294e-11
4.40684e-11
4.41073e-11
4.41459e-11
4.41844e-11
4.42226e-11
4.42606e-11
4.42985e-11
4.43361e-11
4.43736e-11
4.44108e-11
4.44479e-11
4.44848e-11
4.45215e-11
4.45579e-11
4.45942e-11
4.46303e-11
4.46663e-11
4.4702e-11
4.47375e-11
4.47729e-11
4.4808e-11
4.4843e-11
4.48778e-11
4.49124e-11
4.49468e-11
4.49811e-11
4.50151e-11
4.5049e-11
4.50826e-11
4.51162e-11
4.51495e-11
4.51826e-11
4.52156e-11
4.52484e-11
4.5281e-11
4.53134e-11
4.53457e-11
4.53777e-11
4.54096e-11
4.54414e-11
4.54729e-11
4.55043e-11
4.55355e-11
4.55665e-11
4.55974e-11
4.5628e-11
4.56586e-11
4.56889e-11
4.57191e-11
4.57491e-11
4.57789e-11
4.58086e-11
4.58381e-11
4.58674e-11
4.58966e-11
4.59256e-11
4.59544e-11
4.59831e-11
4.60116e-11
4.60399e-11
4.60681e-11
4.60961e-11
4.6124e-11
4.61517e-11
4.61792e-11
4.62066e-11
4.62338e-11
4.62608e-11
4.62877e-11
4.63145e-11
4.63411e-11
4.63675e-11
4.63938e-11
4.64199e-11
4.64458e-11
4.64716e-11
4.64973e-11
4.65228e-11
4.65481e-11
4.65733e-11
4.65983e-11
4.66232e-11
4.6648e-11
4.66726e-11
4.6697e-11
4.67213e-11
4.67454e-11
4.67694e-11
4.67933e-11
4.6817e-11
4.68405e-11
4.68639e-11
4.68872e-11
4.69103e-11
4.69333e-11
4.69561e-11
4.69788e-11
4.70013e-11
4.70237e-11
4.70459e-11
4.70681e-11
4.709e-11
4.71119e-11
4.71336e-11
4.71551e-11
4.71765e-11
4.71978e-11
4.72189e-11
4.72399e-11
4.72608e-11
4.72815e-11
4.73021e-11
4.73226e-11
4.73429e-11
4.73631e-11
4.73831e-11
4.7403e-11
4.74228e-11
4.74425e-11
4.7462e-11
4.74814e-11
4.75006e-11
4.75198e-11
4.75388e-11
4.75576e-11
4.75763e-11
4.7595e-11
4.76134e-11
4.76318e-11
4.765e-11
4.76681e-11
4.76861e-11
4.77039e-11
4.77216e-11
4.77392e-11
4.77567e-11
4.7774e-11
4.77912e-11
4.78083e-11
4.78253e-11
4.78421e-11
4.78589e-11
4.78755e-11
4.78919e-11
4.79083e-11
4.79246e-11
4.79407e-11
4.79567e-11
4.79725e-11
4.79883e-11
4.8004e-11
4.80195e-11
4.80349e-11
4.80502e-11
4.80653e-11
4.80804e-11
4.80953e-11
4.81102e-11
4.81249e-11
4.81395e-11
4.8154e-11
4.81683e-11
4.81826e-11
4.81967e-11
4.82108e-11
4.82247e-11
4.82385e-11
4.82522e-11
4.82658e-11
4.82792e-11
4.82926e-11
4.83058e-11
4.8319e-11
4.8332e-11
4.83449e-11
4.83577e-11
4.83705e-11
4.83831e-11
4.83955e-11
4.84079e-11
4.84202e-11
4.84324e-11
4.84444e-11
4.84564e-11
4.84683e-11
4.848e-11
4.84917e-11
4.85032e-11
4.85147e-11
4.8526e-11
4.85372e-11
4.85484e-11
4.85594e-11
4.85703e-11
4.85812e-11
4.85919e-11
4.86025e-11
4.8613e-11
4.86235e-11
4.86338e-11
4.8644e-11
4.86542e-11
4.86642e-11
4.86741e-11
4.8684e-11
4.86937e-11
4.87033e-11
4.87129e-11
4.87223e-11
4.87317e-11
4.87409e-11
4.87501e-11
4.87592e-11
4.87681e-11
4.8777e-11
4.87858e-11
4.87945e-11
4.88031e-11
4.88116e-11
4.882e-11
4.88283e-11
4.88366e-11
4.88447e-11
4.88527e-11
4.88607e-11
4.88686e-11
4.88764e-11
4.8884e-11
4.88916e-11
4.88991e-11
4.89066e-11
4.89139e-11
4.89211e-11
4.89283e-11
4.89354e-11
4.89423e-11
4.89492e-11
4.8956e-11
4.89627e-11
4.89694e-11
4.89759e-11
4.89824e-11
4.89887e-11
4.8995e-11
4.90012e-11
4.90074e-11
4.90134e-11
4.90194e-11
4.90252e-11
4.9031e-11
4.90367e-11
4.90424e-11
4.90479e-11
4.90533e-11
4.90587e-11
4.9064e-11
4.90692e-11
4.90744e-11
4.90794e-11
4.90844e-11
4.90893e-11
4.90941e-11
4.90989e-11
4.91035e-11
4.91081e-11
4.91126e-11
4.9117e-11
4.91214e-11
4.91256e-11
4.91298e-11
4.9134e-11
4.9138e-11
4.9142e-11
4.91458e-11
4.91497e-11
4.91534e-11
4.9157e-11
4.91606e-11
4.91641e-11
4.91676e-11
4.91709e-11
4.91742e-11
4.91774e-11
4.91806e-11
4.91836e-11
4.91866e-11
4.91896e-11
4.91924e-11
4.91952e-11
4.91979e-11
4.92005e-11
4.92031e-11
4.92056e-11
4.9208e-11
4.92104e-11
4.92127e-11
4.92149e-11
4.9217e-11
4.92191e-11
4.92211e-11
4.9223e-11
4.92249e-11
4.92267e-11
4.92284e-11
4.92301e-11
4.92317e-11
4.92332e-11
4.92347e-11
4.92361e-11
4.92374e-11
4.92386e-11
4.92398e-11
4.9241e-11
4.9242e-11
4.9243e-11
4.9244e-11
4.92448e-11
4.92456e-11
4.92464e-11
4.92471e-11
4.92477e-11
4.92482e-11
4.92487e-11
4.92491e-11
4.92495e-11
4.92498e-11
4.925e-11
4.92502e-11
4.92503e-11
4.92503e-11
4.92503e-11
4.92502e-11
4.92501e-11
4.92499e-11
4.92496e-11
4.92493e-11
4.92489e-11
4.92485e-11
4.9248e-11
4.92474e-11
4.92468e-11
4.92461e-11
4.92454e-11
4.92446e-11
4.92437e-11
4.92428e-11
4.92418e-11
4.92408e-11
4.92397e-11
4.92386e-11
4.92374e-11
4.92361e-11
4.92348e-11
4.92334e-11
4.9232e-11
4.92305e-11
4.9229e-11
4.92274e-11
4.92257e-11
4.9224e-11
4.92223e-11
4.92204e-11
4.92186e-11
4.92166e-11
4.92147e-11
4.92126e-11
4.92105e-11
4.92084e-11
4.92062e-11
4.9204e-11
4.92016e-11
4.91993e-11

