-2.80318e-07
-2.80317e-07
-2.80316e-07
-2.80315e-07
-2.80314e-07
-2.80314e-07
-2.80317e-07
-2.80322e-07
-2.80348e-07
-2.80384e-07
-2.8046e-07
-2.80554e-07
-2.80811e-07
-2.81498e-07
-2.82262e-07
-2.83048e-07
-2.83838e-07
-2.84627e-07
-2.85415e-07
-2.86205e-07
-2.86996e-07
-2.88263e-07
-2.89534e-07
-2.91706e-07
-2.93881e-07
-2.96056e-07
-2.98225e-07
-3.00387e-07
-3.03942e-07
-3.07465e-07
-3.10949e-07
-3.16427e-07
-3.21794e-07
-3.27051e-07
-3.322e-07
-3.37248e-07
-3.42194e-07
-3.47044e-07
-3.55126e-07
-3.62951e-07
-3.70513e-07
-3.77823e-07
-3.84866e-07
-3.91675e-07
-3.98224e-07
-4.04557e-07
-4.10615e-07
-4.16478e-07
-4.22049e-07
-4.27467e-07
-4.32545e-07
-4.37481e-07
-4.42183e-07
-4.46712e-07
-4.50893e-07
-4.54951e-07
-4.588e-07
-4.6249e-07
-4.65885e-07
-4.69107e-07
-4.72118e-07
-4.74996e-07
-4.7768e-07
-4.80211e-07
-4.82547e-07
-4.8473e-07
-4.86738e-07
-4.88628e-07
-4.90347e-07
-4.91935e-07
-4.93385e-07
-4.94711e-07
-4.95915e-07
-4.97001e-07
-4.97976e-07
-4.98843e-07
-4.99044e-07
-4.99239e-07
-4.99427e-07
-4.99609e-07
-4.99786e-07
-4.99956e-07
-5.0012e-07
-5.00279e-07
-5.00432e-07
-5.00579e-07
-5.0072e-07
-5.00856e-07
-5.00987e-07
-5.01112e-07
-5.01232e-07
-5.01347e-07
-5.01456e-07
-5.01561e-07
-5.0166e-07
-5.01755e-07
-5.01844e-07
-5.01929e-07
-5.02009e-07
-5.02084e-07
-5.02155e-07
-5.02222e-07
-5.02283e-07
-5.02341e-07
-5.02394e-07
-5.02443e-07
-5.02487e-07
-5.02528e-07
-5.02564e-07
-5.02597e-07
-5.02625e-07
-5.02649e-07
-5.0267e-07
-5.02687e-07
-5.027e-07
-5.0271e-07
-5.02716e-07
-5.02718e-07
-5.02717e-07
-5.02713e-07
-5.02705e-07
-5.02694e-07
-5.02679e-07
-5.02662e-07
-5.02641e-07
-5.02617e-07
-5.0259e-07
-5.02561e-07
-5.02528e-07
-5.02492e-07
-5.02454e-07
-5.02412e-07
-5.02368e-07
-5.02322e-07
-5.02273e-07
-5.02221e-07
-5.02166e-07
-5.02109e-07
-5.0205e-07
-5.01988e-07
-5.01924e-07
-5.01858e-07
-5.01789e-07
-5.01719e-07
-5.01646e-07
-5.01571e-07
-5.01493e-07
-5.01373e-07
-5.01249e-07
-5.0112e-07
-5.00987e-07
-5.0085e-07
-5.00709e-07
-5.00564e-07
-5.00416e-07
-5.00264e-07
-5.00108e-07
-4.99949e-07
-4.99787e-07
-4.99524e-07
-4.99253e-07
-4.98976e-07
-4.98505e-07
-4.98022e-07
-4.97521e-07
-4.97011e-07
-4.9649e-07
-4.9596e-07
-4.95419e-07
-4.94874e-07
-4.94325e-07
-4.93769e-07
-4.93211e-07
-4.9265e-07
-4.9209e-07
-4.91528e-07
-4.90968e-07
-4.90409e-07
-4.89851e-07
-4.89712e-07
-4.89638e-07
-4.89563e-07
-4.89489e-07
-4.89415e-07
-4.89289e-07
-4.89164e-07
-4.88944e-07
-4.88545e-07
-4.88149e-07
-4.87755e-07
-4.87364e-07
-4.86975e-07
-4.86589e-07
-4.86207e-07
-4.85827e-07
-4.85451e-07
-4.85078e-07
-4.84709e-07
-4.84344e-07
-4.83982e-07
-4.83625e-07
-4.83271e-07
-4.82921e-07
-4.82576e-07
-4.82234e-07
-4.81897e-07
-4.81565e-07
-4.81236e-07
-4.80912e-07
-4.80593e-07
-4.80277e-07
-4.79967e-07
-4.79661e-07
-4.79359e-07
-4.79062e-07
-4.7877e-07
-4.78482e-07
-4.78199e-07
-4.7792e-07
-4.77646e-07
-4.77377e-07
-4.77112e-07
-4.76851e-07
-4.76596e-07
-4.76344e-07
-4.76097e-07
-4.75855e-07
-4.75617e-07
-4.75384e-07
-4.75155e-07
-4.7493e-07
-4.74709e-07
-4.74493e-07
-4.74282e-07
-4.74074e-07
-4.73871e-07
-4.73671e-07
-4.73476e-07
-4.73285e-07
-4.73098e-07
-4.72915e-07
-4.72736e-07
-4.72561e-07
-4.72389e-07
-4.72222e-07
-4.72058e-07
-4.71898e-07
-4.71741e-07
-4.71588e-07
-4.71439e-07
-4.71293e-07
-4.71151e-07
-4.71012e-07
-4.70877e-07
-4.70744e-07
-4.70616e-07
-4.7049e-07
-4.70367e-07
-4.70248e-07
-4.70132e-07
-4.70018e-07
-4.69908e-07
-4.69801e-07
-4.69696e-07
-4.69594e-07
-4.69495e-07
-4.69399e-07
-4.69306e-07
-4.69215e-07
-4.69126e-07
-4.69041e-07
-4.68957e-07
-4.68877e-07
-4.68798e-07
-4.68722e-07
-4.68648e-07
-4.68577e-07
-4.68507e-07
-4.6844e-07
-4.68375e-07
-4.68313e-07
-4.68252e-07
-4.68193e-07
-4.68136e-07
-4.68081e-07
-4.68028e-07
-4.67977e-07
-4.67927e-07
-4.6788e-07
-4.67834e-07
-4.67789e-07
-4.67747e-07
-4.67706e-07
-4.67666e-07
-4.67628e-07
-4.67592e-07
-4.67557e-07
-4.67524e-07
-4.67492e-07
-4.67461e-07
-4.67431e-07
-4.67403e-07
-4.67377e-07
-4.67351e-07
-4.67327e-07
-4.67303e-07
-4.67281e-07
-4.6726e-07
-4.6724e-07
-4.67222e-07
-4.67204e-07
-4.67187e-07
-4.67171e-07
-4.67156e-07
-4.67143e-07
-4.6713e-07
-4.67117e-07
-4.67106e-07
-4.67096e-07
-4.67086e-07
-4.67077e-07
-4.67069e-07
-4.67062e-07
-4.67055e-07
-4.67049e-07
-4.67044e-07
-4.67039e-07
-4.67035e-07
-4.67032e-07
-4.67029e-07
-4.67027e-07
-4.67025e-07
-4.67024e-07
-4.67024e-07
-4.67024e-07
-4.67024e-07
-4.67025e-07
-4.67026e-07
-4.67028e-07
-4.6703e-07
-4.67033e-07
-4.67036e-07
-4.6704e-07
-4.67043e-07
-4.67048e-07
-4.67052e-07
-4.67057e-07
-4.67062e-07
-4.67068e-07
-4.67074e-07
-4.6708e-07
-4.67086e-07
-4.67093e-07
-4.671e-07
-4.67107e-07
-4.67114e-07
-4.67122e-07
-4.6713e-07
-4.67138e-07
-4.67146e-07
-4.67155e-07
-4.67163e-07
-4.67172e-07
-4.67181e-07
-4.6719e-07
-4.67199e-07
-4.67209e-07
-4.67218e-07
-4.67228e-07
-4.67238e-07
-4.67248e-07
-4.67258e-07
-4.67268e-07
-4.67278e-07
-4.67289e-07
-4.67299e-07
-4.6731e-07
-4.6732e-07
-4.67331e-07
-4.67342e-07
-4.67353e-07
-4.67363e-07
-4.67374e-07
-4.67385e-07
-4.67396e-07
-4.67408e-07
-4.67419e-07
-4.6743e-07
-4.67441e-07
-4.67452e-07
-4.67464e-07
-4.67475e-07
-4.67486e-07
-4.67498e-07
-4.67509e-07
-4.6752e-07
-4.67532e-07
-4.67543e-07
-4.67546e-07
-4.67549e-07
-4.67552e-07
-4.67556e-07
-4.67561e-07
-4.67566e-07
-4.67577e-07
-4.67589e-07
-4.676e-07
-4.67611e-07
-4.67623e-07
-4.67634e-07
-4.67645e-07
-4.67657e-07
-4.67668e-07
-4.67679e-07
-4.6769e-07
-4.67702e-07
-4.67713e-07
-4.67724e-07
-4.67735e-07
-4.67747e-07
-4.67758e-07
-4.67769e-07
-4.6778e-07
-4.67791e-07
-4.67802e-07
-4.67813e-07
-4.67824e-07
-4.67835e-07
-4.67846e-07
-4.67857e-07
-4.67868e-07
-4.67879e-07
-4.6789e-07
-4.67901e-07
-4.67912e-07
-4.67923e-07
-4.67933e-07
-4.67944e-07
-4.67955e-07
-4.67966e-07
-4.67976e-07
-4.67987e-07
-4.67998e-07
-4.68008e-07
-4.68019e-07
-4.68029e-07
-4.6804e-07
-4.6805e-07
-4.68061e-07
-4.68071e-07
-4.68081e-07
-4.68092e-07
-4.68102e-07
-4.68113e-07
-4.68123e-07
-4.68133e-07
-4.68143e-07
-4.68154e-07
-4.68164e-07
-4.68174e-07
-4.68184e-07
-4.68194e-07
-4.68204e-07
-4.68214e-07
-4.68224e-07
-4.68234e-07
-4.68244e-07
-4.68254e-07
-4.68264e-07
-4.68274e-07
-4.68284e-07
-4.68294e-07
-4.68304e-07
-4.68314e-07
-4.68323e-07
-4.68333e-07
-4.68343e-07
-4.68353e-07
-4.68362e-07
-4.68372e-07
-4.68382e-07
-4.68391e-07
-4.68401e-07
-4.68411e-07
-4.6842e-07
-4.6843e-07
-4.68439e-07
-4.68449e-07
-4.68459e-07
-4.68468e-07
-4.68478e-07
-4.68487e-07
-4.68496e-07
-4.68506e-07
-4.68515e-07
-4.68525e-07
-4.68534e-07
-4.68544e-07
-4.68553e-07
-4.68562e-07
-4.68572e-07
-4.68581e-07
-4.6859e-07
-4.686e-07
-4.68609e-07
-4.68618e-07
-4.68627e-07
-4.68637e-07
-4.68646e-07
-4.68655e-07
-4.68664e-07
-4.68674e-07
-4.68683e-07
-4.68692e-07
-4.68701e-07
-4.6871e-07
-4.68719e-07
-4.68729e-07
-4.68738e-07
-4.68747e-07
-4.68756e-07
-4.68765e-07
-4.68774e-07
-4.68783e-07
-4.68792e-07
-4.68801e-07
-4.68811e-07
-4.6882e-07
-4.68829e-07
-4.68838e-07
-4.68847e-07
-4.68856e-07
-4.68865e-07
-4.68874e-07
-4.68883e-07
-4.68892e-07
-4.68901e-07
-4.6891e-07
-4.68919e-07
-4.68928e-07
-4.68937e-07
-4.68946e-07
-4.68955e-07
-4.68964e-07
-4.68973e-07
-4.68982e-07
-4.6899e-07
-4.68999e-07
-4.69008e-07
-4.69017e-07
-4.69026e-07
-4.69035e-07
-4.69044e-07
-4.69053e-07
-4.69062e-07
-4.69071e-07
-4.6908e-07
-4.69089e-07
-4.69097e-07
-4.69106e-07
-4.69115e-07
-4.69124e-07
-4.69133e-07
-4.69142e-07
-4.69151e-07
-4.6916e-07
-4.69168e-07
-4.69177e-07
-4.69186e-07
-4.69195e-07
-4.69204e-07
-4.69213e-07
-4.69221e-07
-4.6923e-07
-4.69239e-07
-4.69248e-07
-4.69257e-07
-4.69266e-07
-4.69275e-07
-4.69283e-07
-4.69292e-07
-4.69301e-07
-4.6931e-07
-4.69319e-07
-4.69327e-07
-4.69336e-07
-4.69345e-07
-4.69354e-07
-4.69363e-07
-4.69371e-07
-4.6938e-07
-4.69389e-07
-4.69398e-07
-4.69407e-07
-4.69415e-07
-4.69424e-07
-4.69433e-07
-4.69442e-07
-4.69451e-07
-4.69459e-07
-4.69468e-07
-4.69477e-07
-4.69486e-07
-4.69494e-07
-4.69503e-07
-4.69512e-07
-4.69521e-07
-4.6953e-07
-4.69538e-07
-4.69547e-07
-4.69556e-07
-4.69565e-07
-4.69573e-07
-4.69582e-07
-4.69591e-07
-4.696e-07
-4.69608e-07
-4.69617e-07
-4.69626e-07
-4.69635e-07
-4.69643e-07
-4.69652e-07
-4.69661e-07
-4.6967e-07
-4.69678e-07
-4.69687e-07
-4.69696e-07
-4.69704e-07
-4.69713e-07
-4.69722e-07
-4.69731e-07
-4.69739e-07
-4.69748e-07
-4.69757e-07
-4.69765e-07
-4.69774e-07
-4.69783e-07
-4.69792e-07
-4.698e-07
-4.69809e-07
-4.69818e-07
-4.69826e-07
-4.69835e-07
-4.69844e-07
-4.69852e-07
-4.69861e-07
-4.6987e-07
-4.69878e-07
-4.69887e-07
-4.69896e-07
-4.69905e-07
-4.69913e-07
-4.69922e-07
-4.69931e-07
-4.69939e-07
-4.69948e-07
-4.69957e-07
-4.69965e-07
-4.69974e-07
-4.69983e-07
-4.69991e-07
-4.7e-07
-4.70008e-07
-4.70017e-07
-4.70026e-07
-4.70034e-07
-4.70043e-07
-4.70052e-07
-4.7006e-07
-4.70069e-07
-4.70078e-07
-4.70086e-07
-4.70095e-07
-4.70103e-07
-4.70112e-07
-4.70121e-07
-4.70129e-07
-4.70138e-07
-4.70147e-07
-4.70155e-07
-4.70164e-07
-4.70172e-07
-4.70181e-07
-4.7019e-07
-4.70198e-07
-4.70207e-07
-4.70215e-07
-4.70224e-07
-4.70233e-07
-4.70241e-07
-4.7025e-07
-4.70258e-07
-4.70267e-07
-4.70275e-07
-4.70284e-07
-4.70293e-07
-4.70301e-07
-4.7031e-07
-4.70318e-07
-4.70327e-07
-4.70335e-07
-4.70344e-07
-4.70352e-07
-4.70361e-07
-4.7037e-07
-4.70378e-07
-4.70387e-07
-4.70395e-07
-4.70404e-07
-4.70412e-07
-4.70421e-07
-4.70429e-07
-4.70438e-07
-4.70446e-07
-4.70455e-07
-4.70463e-07
-4.70472e-07
-4.7048e-07
-4.70489e-07
-4.70497e-07
-4.70506e-07
-4.70514e-07
-4.70523e-07
-4.70531e-07
-4.7054e-07
-4.70548e-07
-4.70557e-07
-4.70565e-07
-4.70574e-07
-4.70582e-07
-4.70591e-07
-4.70599e-07
-4.70608e-07
-4.70616e-07
-4.70625e-07
-4.70633e-07
-4.70642e-07
-4.7065e-07
-4.70658e-07
-4.70667e-07
-4.70675e-07
-4.70684e-07
-4.70692e-07
-4.70701e-07
-4.70709e-07
-4.70718e-07
-4.70726e-07
-4.70734e-07
-4.70743e-07
-4.70751e-07
-4.7076e-07
-4.70768e-07
-4.70776e-07
-4.70785e-07
-4.70793e-07
-4.70802e-07
-4.7081e-07
-4.70818e-07
-4.70827e-07
-4.70835e-07
-4.70844e-07
-4.70852e-07
-4.7086e-07
-4.70869e-07
-4.70877e-07
-4.70885e-07
-4.70894e-07
-4.70902e-07
-4.70911e-07
-4.70919e-07
-4.70927e-07
-4.70936e-07
-4.70944e-07
-4.70952e-07
-4.70961e-07
-4.70969e-07
-4.70977e-07
-4.70986e-07
-4.70994e-07
-4.71002e-07
-4.71011e-07
-4.71019e-07
-4.71027e-07
-4.71036e-07
-4.71044e-07
-4.71052e-07
-4.71061e-07
-4.71069e-07
-4.71077e-07
-4.71086e-07
-4.71094e-07
-4.71102e-07
-4.7111e-07
-4.71119e-07
-4.71127e-07
-4.71135e-07
-4.71144e-07
-4.71152e-07
-4.7116e-07
-4.71168e-07
-4.71177e-07
-4.71185e-07
-4.71193e-07
-4.71201e-07
-4.7121e-07
-4.71218e-07
-4.71221e-07
-4.71221e-07
-4.71221e-07
-4.71219e-07
-4.71215e-07
-4.71206e-07
-4.71196e-07
-4.71189e-07
-4.7118e-07
-4.71177e-07
-4.71203e-07
-4.71264e-07
-4.71354e-07
-4.7147e-07
-4.71715e-07
-4.72008e-07
-4.72339e-07
-4.72973e-07
-4.73668e-07
-4.75085e-07
-4.76565e-07
-4.78089e-07
-4.79636e-07
-4.81202e-07
-4.83938e-07
-4.8674e-07
-4.896e-07
-4.94289e-07
-4.99072e-07
-5.06731e-07
-5.19316e-07
-5.32062e-07
-5.44717e-07
-5.57472e-07
-5.70299e-07
-5.83137e-07
-5.95629e-07
-6.08188e-07
-6.20658e-07
-6.33392e-07
-6.45583e-07
-6.58173e-07
-6.70144e-07
-6.83214e-07
-6.94679e-07
-7.08372e-07
-7.17066e-07
-7.24177e-07
-7.32074e-07
-7.40465e-07
-7.49623e-07
-7.57895e-07
-7.66779e-07
-7.75389e-07
-7.83743e-07
-7.91522e-07
-8.00364e-07
-8.09149e-07
-8.17016e-07
-8.2556e-07
-8.33592e-07
-8.42731e-07
-8.51855e-07
-8.59769e-07
-8.68329e-07
-8.77194e-07
-8.85562e-07
-8.94411e-07
-9.03184e-07
-9.11702e-07
-9.20175e-07
-9.29743e-07
-9.39204e-07
-9.47634e-07
-9.56266e-07
-9.65523e-07
-9.75724e-07
-9.85237e-07
-9.94059e-07
-1.00383e-06
-1.01447e-06
-1.02441e-06
-1.03467e-06
-1.04405e-06
-1.05375e-06
-1.06428e-06
-1.0747e-06
-1.08466e-06
-1.0952e-06
-1.10672e-06
-1.11824e-06
-1.12935e-06
-1.14109e-06
-1.15414e-06
-1.16748e-06
-1.17081e-06
-1.17428e-06
-1.17786e-06
-1.18155e-06
-1.18534e-06
-1.19323e-06
-1.20158e-06
-1.21082e-06
-1.22131e-06
-1.23369e-06
-1.23723e-06
-1.24107e-06
-1.24765e-06
-1.24946e-06
-1.25136e-06
-1.2557e-06
-1.26062e-06
-1.26636e-06
-1.27328e-06
-1.27659e-06
-1.28029e-06
-1.28449e-06
-1.2893e-06
-1.2949e-06
-1.30149e-06
-1.3093e-06
-1.31861e-06
-1.3297e-06
-1.34288e-06
-1.35848e-06
-1.37683e-06
-1.39829e-06
-1.43729e-06
-1.48562e-06
-1.58382e-06
-1.7162e-06
-1.89199e-06
-2.12308e-06
-2.42431e-06
-2.81489e-06
-3.32069e-06
-3.9804e-06
-4.85166e-06
-6.02295e-06
-8.59134e-06
-1.04844e-05
-1.18401e-05
-1.24109e-05
-1.24589e-05
-1.24562e-05
-1.24961e-05
-1.26127e-05
-1.27998e-05
-1.30345e-05
-1.33031e-05
-1.36107e-05
-1.39634e-05
-1.43648e-05
-1.48122e-05
-1.5303e-05
-1.61465e-05
-1.70711e-05
-1.80575e-05
-1.90955e-05
-2.01775e-05
-2.13088e-05
-2.24989e-05
-2.37576e-05
-2.5088e-05
-2.6479e-05
-2.78783e-05
-2.92304e-05
-3.06083e-05
-3.21509e-05
-3.39112e-05
-3.58138e-05
-3.70654e-05
-3.82342e-05
-3.92767e-05
-4.01694e-05
-4.09177e-05
-4.15703e-05
-4.21901e-05
-4.28169e-05
-4.34422e-05
-4.40081e-05
-4.44563e-05
-4.47971e-05
-4.51148e-05
-4.54922e-05
-4.59478e-05
-4.64439e-05
-4.69299e-05
-4.73415e-05
-4.76098e-05
-4.77211e-05
-4.77175e-05
-4.76274e-05
-4.74502e-05
-4.72064e-05
-4.69344e-05
-4.66725e-05
-4.64433e-05
-4.62543e-05
-4.61132e-05
-4.60484e-05
-4.60763e-05
-4.61576e-05
-4.62211e-05
-4.62319e-05
-4.62312e-05
-4.62939e-05
-4.64759e-05
-4.68058e-05
-4.72907e-05
-4.79059e-05
-4.85646e-05
-4.91239e-05
-4.94663e-05
-4.95581e-05
-4.94335e-05
-4.91267e-05
-4.87019e-05
-4.8266e-05
-4.78907e-05
-4.7585e-05
-4.73256e-05
-4.70917e-05
-4.68859e-05
-4.6727e-05
-4.6634e-05
-4.66132e-05
-4.66514e-05
-4.67064e-05
-4.6715e-05
-4.66566e-05
-4.65755e-05
-4.65308e-05
-4.65493e-05
-4.66236e-05
-4.67288e-05
-4.68217e-05
-4.68168e-05
-4.66241e-05
-4.62717e-05
-4.5862e-05
-4.54763e-05
-4.51439e-05
-4.48525e-05
-4.45501e-05
-4.41695e-05
-4.37047e-05
-4.32108e-05
-4.27385e-05
-4.23024e-05
-4.18706e-05
-4.13786e-05
-4.08037e-05
-4.01858e-05
-3.95818e-05
-3.9022e-05
-3.85092e-05
-3.80289e-05
-3.75501e-05
-3.7026e-05
-3.64288e-05
-3.57788e-05
-3.51086e-05
-3.44408e-05
-3.37971e-05
-3.31912e-05
-3.26253e-05
-3.2096e-05
-3.15953e-05
-3.11128e-05
-3.06405e-05
-3.01757e-05
-2.97203e-05
-2.92774e-05
-2.885e-05
-2.84395e-05
-2.80432e-05
-2.76547e-05
-2.72676e-05
-2.688e-05
-2.64957e-05
-2.61208e-05
-2.57597e-05
-2.54125e-05
-2.50749e-05
-2.47419e-05
-2.44105e-05
-2.4082e-05
-2.37595e-05
-2.34457e-05
-2.31418e-05
-2.28491e-05
-2.25686e-05
-2.22991e-05
-2.20365e-05
-2.1777e-05
-2.152e-05
-2.12703e-05
-2.10346e-05
-2.08175e-05
-2.06177e-05
-2.04291e-05
-2.02462e-05
-2.00686e-05
-1.99008e-05
-1.97476e-05
-1.96108e-05
-1.94915e-05
-1.93916e-05
-1.9313e-05
-1.92535e-05
-1.92077e-05
-1.91724e-05
-1.91503e-05
-1.91488e-05
-1.91718e-05
-1.92163e-05
-1.92779e-05
-1.93524e-05
-1.94307e-05
-1.94959e-05
-1.95324e-05
-1.95362e-05
-1.95139e-05
-1.94784e-05
-1.94329e-05
-1.9339e-05
-1.91444e-05
-1.88716e-05
-1.85912e-05
-1.83583e-05
-1.81944e-05
-1.80939e-05
-1.80447e-05
-1.80356e-05
-1.80584e-05
-1.81075e-05
-1.81801e-05
-1.82744e-05
-1.83896e-05
-1.85252e-05
-1.86804e-05
-1.88517e-05
-1.90313e-05
-1.92025e-05
-1.93394e-05
-1.9425e-05
-1.94692e-05
-1.94967e-05
-1.95251e-05
-1.95573e-05
-1.95786e-05
-1.95715e-05
-1.95414e-05
-1.9509e-05
-1.94875e-05
-1.94761e-05
-1.94627e-05
-1.94285e-05
-1.93554e-05
-1.92393e-05
-1.90947e-05
-1.89439e-05
-1.88053e-05
-1.86874e-05
-1.8591e-05
-1.85128e-05
-1.84502e-05
-1.8402e-05
-1.83681e-05
-1.83479e-05
-1.83396e-05
-1.83401e-05
-1.83451e-05
-1.83477e-05
-1.83348e-05
-1.82845e-05
-1.81735e-05
-1.79977e-05
-1.77801e-05
-1.7552e-05
-1.74016e-05
-1.726e-05
-1.71265e-05
-1.69996e-05
-1.68783e-05
-1.67622e-05
-1.66519e-05
-1.65479e-05
-1.64505e-05
-1.63595e-05
-1.6274e-05
-1.61926e-05
-1.61138e-05
-1.60363e-05
-1.59589e-05
-1.58807e-05
-1.58005e-05
-1.57157e-05
-1.5623e-05
-1.55207e-05
-1.54102e-05
-1.52945e-05
-1.51772e-05
-1.50603e-05
-1.49449e-05
-1.48315e-05
-1.47207e-05
-1.46126e-05
-1.45072e-05
-1.44042e-05
-1.43027e-05
-1.42021e-05
-1.4102e-05
-1.40021e-05
-1.39023e-05
-1.38025e-05
-1.37025e-05
-1.36021e-05
-1.35013e-05
-1.34005e-05
-1.33e-05
-1.32005e-05
-1.3102e-05
-1.30043e-05
-1.29068e-05
-1.2809e-05
-1.27108e-05
-1.26123e-05
-1.25139e-05
-1.24162e-05
-1.23199e-05
-1.22254e-05
-1.21331e-05
-1.20429e-05
-1.19544e-05
-1.18665e-05
-1.17787e-05
-1.16912e-05
-1.16053e-05
-1.15228e-05
-1.14446e-05
-1.13706e-05
-1.12985e-05
-1.12232e-05
-1.1137e-05
-1.10337e-05
-1.09144e-05
-1.07869e-05
-1.06601e-05
-1.05401e-05
-1.04292e-05
-1.03269e-05
-1.02308e-05
-1.01386e-05
-1.00493e-05
-9.96297e-06
-9.88094e-06
-9.8048e-06
-9.73546e-06
-9.67265e-06
-9.61496e-06
-9.56054e-06
-9.50831e-06
-9.45862e-06
-9.41252e-06
-9.37023e-06
-9.33046e-06
-9.2903e-06
-9.24439e-06
-9.18678e-06
-9.1166e-06
-9.03866e-06
-8.95946e-06
-8.88203e-06
-8.80392e-06
-8.71879e-06
-8.6226e-06
-8.51875e-06
-8.41452e-06
-8.3152e-06
-8.22249e-06
-8.1361e-06
-8.05563e-06
-7.98149e-06
-7.91456e-06
-7.85538e-06
-7.80341e-06
-7.7568e-06
-7.71298e-06
-7.66977e-06
-7.62648e-06
-7.58403e-06
-7.54423e-06
-7.5086e-06
-7.47752e-06
-7.44992e-06
-7.42377e-06
-7.39731e-06
-7.37022e-06
-7.34381e-06
-7.32006e-06
-7.30033e-06
-7.28444e-06
-7.27092e-06
-7.25862e-06
-7.24796e-06
-7.24013e-06
-7.23492e-06
-7.22956e-06
-7.21829e-06
-7.19232e-06
-7.14648e-06
-7.08477e-06
-7.01553e-06
-6.94204e-06
-6.86091e-06
-6.76858e-06
-6.66753e-06
-6.56443e-06
-6.46503e-06
-6.37218e-06
-6.28654e-06
-6.20784e-06
-6.13556e-06
-6.06909e-06
-6.00746e-06
-5.94932e-06
-5.89338e-06
-5.83893e-06
-5.78608e-06
-5.73533e-06
-5.6869e-06
-5.64033e-06
-5.59472e-06
-5.54942e-06
-5.50464e-06
-5.46112e-06
-5.41941e-06
-5.37924e-06
-5.33991e-06
-5.30122e-06
-5.26384e-06
-5.22855e-06
-5.19533e-06
-5.16372e-06
-5.13319e-06
-5.10154e-06
-5.06242e-06
-5.0065e-06
-4.92912e-06
-4.8352e-06
-4.73517e-06
-4.63728e-06
-4.54533e-06
-4.46012e-06
-4.38097e-06
-4.30679e-06
-4.23661e-06
-4.16966e-06
-4.10535e-06
-4.04321e-06
-3.98284e-06
-3.92394e-06
-3.8663e-06
-3.80976e-06
-3.75423e-06
-3.69961e-06
-3.64583e-06
-3.59286e-06
-3.54063e-06
-3.48911e-06
-3.43825e-06
-3.38803e-06
-3.33839e-06
-3.28932e-06
-3.24077e-06
-3.19272e-06
-3.14515e-06
-3.09803e-06
-3.05134e-06
-3.00507e-06
-2.9592e-06
-2.91373e-06
-2.86866e-06
-2.82397e-06
-2.77966e-06
-2.73575e-06
-2.69222e-06
-2.6491e-06
-2.60637e-06
-2.56406e-06
-2.52216e-06
-2.4807e-06
-2.43967e-06
-2.3991e-06
-2.35898e-06
-2.31934e-06
-2.28019e-06
-2.24154e-06
-2.20341e-06
-2.1658e-06
-2.12873e-06
-2.09221e-06
-2.05626e-06
-2.02089e-06
-1.98611e-06
-1.95194e-06
-1.91838e-06
-1.88545e-06
-1.85315e-06
-1.8215e-06
-1.77516e-06
-1.73031e-06
-1.68698e-06
-1.64515e-06
-1.60484e-06
-1.56604e-06
-1.52874e-06
-1.49291e-06
-1.45853e-06
-1.42559e-06
-1.39405e-06
-1.36388e-06
-1.33506e-06
-1.30755e-06
-1.28132e-06
-1.25635e-06
-1.23259e-06
-1.21003e-06
-1.18863e-06
-1.16836e-06
-1.14921e-06
-1.13114e-06
-1.11412e-06
-1.09813e-06
-1.08314e-06
-1.06912e-06
-1.05605e-06
-1.04388e-06
-1.03258e-06
-1.02212e-06
-1.01245e-06
-1.00354e-06
-9.95356e-07
-9.87848e-07
-9.80981e-07
-9.74715e-07
-9.69011e-07
-9.63832e-07
-9.59139e-07
-9.54897e-07
-9.49123e-07
-9.44221e-07
-9.40072e-07
-9.36569e-07
-9.33616e-07
-9.31125e-07
-9.2902e-07
-9.27236e-07
-9.25716e-07
-9.24412e-07
-9.23283e-07
-9.22297e-07
-9.21425e-07
-9.20645e-07
-9.19939e-07
-9.19291e-07
-9.1869e-07
-9.18125e-07
-9.17589e-07
-9.17077e-07
-9.16582e-07
-9.16101e-07
-9.15632e-07
-9.15171e-07
-9.14717e-07
-9.14269e-07
-9.13824e-07
-9.13383e-07
-9.12944e-07
-9.12507e-07
-9.12072e-07
-9.11638e-07
-9.11205e-07
-9.10772e-07
-9.1034e-07
-9.09909e-07
-9.09478e-07
-9.09047e-07
-9.08617e-07
-9.0797e-07
-9.07323e-07
-9.06676e-07
-9.05647e-07
-9.0462e-07
-9.03595e-07
-9.02572e-07
-9.01551e-07
-9.00534e-07
-8.99519e-07
-8.98509e-07
-8.97502e-07
-8.965e-07
-8.95503e-07
-8.94511e-07
-8.93525e-07
-8.92545e-07
-8.91571e-07
-8.90603e-07
-8.89643e-07
-8.88689e-07
-8.87743e-07
-8.86307e-07
-8.84889e-07
-8.83491e-07
-8.82113e-07
-8.80756e-07
-8.7942e-07
-8.78104e-07
-8.76811e-07
-8.7554e-07
-8.74291e-07
-8.73064e-07
-8.7186e-07
-8.70004e-07
-8.68205e-07
-8.66463e-07
-8.64776e-07
-8.63145e-07
-8.61568e-07
-8.60046e-07
-8.58578e-07
-8.56155e-07
-8.53885e-07
-8.51763e-07
-8.49783e-07
-8.4794e-07
-8.46227e-07
-8.4464e-07
-8.43173e-07
-8.41821e-07
-8.40577e-07
-8.39438e-07
-8.38399e-07
-8.37454e-07
-8.366e-07
-8.35833e-07
-8.35148e-07
-8.34541e-07
-8.3401e-07
-8.3355e-07
-8.33159e-07
-8.32676e-07
-8.32343e-07
-8.32149e-07
-8.32084e-07
-8.32138e-07
-8.32305e-07
-8.3258e-07
-8.32939e-07
-8.33437e-07
-8.34014e-07
-8.34557e-07
-8.35207e-07
-8.35906e-07
-8.37031e-07
-8.37822e-07
-8.38214e-07
-8.3864e-07
-8.39324e-07
-8.39999e-07
-8.40466e-07
-8.40779e-07
-8.41069e-07
-8.41374e-07
-8.41669e-07
-8.4195e-07
-8.4224e-07
-8.42542e-07
-8.42856e-07
-8.43161e-07
-8.43467e-07
-8.43687e-07
-8.43906e-07
-8.44123e-07
-8.44341e-07
-8.44564e-07
-8.4479e-07
-8.45017e-07
-8.45243e-07
-8.45468e-07
-8.45698e-07
-8.45929e-07
-8.4616e-07
-8.46391e-07
-8.46564e-07
-8.46689e-07
-8.46814e-07
-8.4694e-07
-8.47066e-07
-8.47192e-07
-8.47319e-07
-8.47446e-07
-8.47573e-07
-8.477e-07
-8.47828e-07
-8.47956e-07
-8.48084e-07
-8.48213e-07
-8.48342e-07
-8.48471e-07
-8.486e-07
-8.4873e-07
-8.48859e-07
-8.4899e-07
-8.4912e-07
-8.49251e-07
-8.49382e-07
-8.49513e-07
-8.49644e-07
-8.49776e-07
-8.49908e-07
-8.5004e-07
-8.50173e-07
-8.50305e-07
-8.5053e-07
-8.50755e-07
-8.50981e-07
-8.51208e-07
-8.51436e-07
-8.51971e-07
-8.52509e-07
-8.53051e-07
-8.53596e-07
-8.54583e-07
-8.55578e-07
-8.57281e-07
-8.59003e-07
-8.60743e-07
-8.62497e-07
-8.64262e-07
-8.66037e-07
-8.67818e-07
-8.69603e-07
-8.7139e-07
-8.73176e-07
-8.74961e-07
-8.76738e-07
-8.78514e-07
-8.80273e-07
-8.82035e-07
-8.83764e-07
-8.85491e-07
-8.87222e-07
-8.88916e-07
-8.90594e-07
-8.9226e-07
-8.93903e-07
-8.95516e-07
-8.97107e-07
-8.98674e-07
-9.00212e-07
-9.01725e-07
-9.03205e-07
-9.04666e-07
-9.0609e-07
-9.07474e-07
-9.08836e-07
-9.10155e-07
-9.11449e-07
-9.12721e-07
-9.13945e-07
-9.15135e-07
-9.16296e-07
-9.17417e-07
-9.18499e-07
-9.19542e-07
-9.20549e-07
-9.21515e-07
-9.22443e-07
-9.23334e-07
-9.24187e-07
-9.25001e-07
-9.25777e-07
-9.26514e-07
-9.27213e-07
-9.27874e-07
-9.28496e-07
-9.29081e-07
-9.29627e-07
-9.30136e-07
-9.30607e-07
-9.31042e-07
-9.3144e-07
-9.31803e-07
-9.32129e-07
-9.3242e-07
-9.32677e-07
-9.32899e-07
-9.33088e-07
-9.33244e-07
-9.33367e-07
-9.33459e-07
-9.33519e-07
-9.33549e-07
-9.33549e-07
-9.3352e-07
-9.33463e-07
-9.33378e-07
-9.33266e-07
-9.33128e-07
-9.32965e-07
-9.32777e-07
-9.32565e-07
-9.3233e-07
-9.32072e-07
-9.31793e-07
-9.31493e-07
-9.31173e-07
-9.30834e-07
-9.30476e-07
-9.30101e-07
-9.29708e-07
-9.29299e-07
-9.28874e-07
-9.28435e-07
-9.27981e-07
-9.27515e-07
-9.27035e-07
-9.26543e-07
-9.2604e-07
-9.25526e-07
-9.25003e-07
-9.2447e-07
-9.23928e-07
-9.23378e-07
-9.2282e-07
-9.22255e-07
-9.21684e-07
-9.21108e-07
-9.20526e-07
-9.19939e-07
-9.19348e-07
-9.18753e-07
-9.18155e-07
-9.17554e-07
-9.16951e-07
-9.16346e-07
-9.1574e-07
-9.15132e-07
-9.14524e-07
-9.13916e-07
-9.13307e-07
-9.127e-07
-9.12093e-07
-9.11487e-07
-9.10883e-07
-9.10281e-07
-9.0968e-07
-9.09082e-07
-9.08487e-07
-9.07895e-07
-9.07305e-07
-9.06719e-07
-9.06137e-07
-9.05559e-07
-9.04984e-07
-9.04414e-07
-9.03848e-07
-9.03287e-07
-9.0273e-07
-9.02178e-07
-9.01632e-07
-9.0109e-07
-9.00554e-07
-9.00023e-07
-8.99497e-07
-8.98977e-07
-8.98463e-07
-8.97955e-07
-8.97452e-07
-8.96956e-07
-8.96465e-07
-8.95981e-07
-8.95502e-07
-8.9503e-07
-8.94564e-07
-8.94104e-07
-8.9365e-07
-8.93203e-07
-8.92761e-07
-8.92327e-07
-8.91898e-07
-8.91476e-07
-8.9106e-07
-8.90651e-07
-8.90248e-07
-8.89851e-07
-8.89461e-07
-8.89076e-07
-8.88698e-07
-8.88327e-07
-8.87961e-07
-8.87602e-07
-8.87249e-07
-8.86902e-07
-8.86561e-07
-8.86227e-07
-8.85898e-07
-8.85575e-07
-8.85258e-07
-8.84947e-07
-8.84642e-07
-8.84343e-07
-8.8405e-07
-8.83762e-07
-8.8348e-07
-8.83204e-07
-8.82933e-07
-8.82667e-07
-8.82407e-07
-8.82153e-07
-8.81904e-07
-8.8166e-07
-8.81421e-07
-8.81187e-07
-8.80959e-07
-8.80736e-07
-8.80517e-07
-8.80304e-07
-8.80095e-07
-8.79891e-07
-8.79692e-07
-8.79497e-07
-8.79308e-07
-8.79122e-07
-8.78941e-07
-8.78765e-07
-8.78593e-07
-8.78425e-07
-8.78262e-07
-8.78102e-07
-8.77947e-07
-8.77796e-07
-8.77649e-07
-8.77506e-07
-8.77366e-07
-8.77231e-07
-8.77099e-07
-8.76971e-07
-8.76846e-07
-8.76726e-07
-8.76608e-07
-8.76494e-07
-8.76384e-07
-8.76277e-07
-8.76173e-07
-8.76072e-07
-8.75974e-07
-8.7588e-07
-8.75789e-07
-8.757e-07
-8.75615e-07
-8.75532e-07
-8.75453e-07
-8.75376e-07
-8.75302e-07
-8.7523e-07
-8.75162e-07
-8.75095e-07
-8.75032e-07
-8.7497e-07
-8.74912e-07
-8.74855e-07
-8.74801e-07
-8.7475e-07
-8.747e-07
-8.74653e-07
-8.74608e-07
-8.74564e-07
-8.74524e-07
-8.74485e-07
-8.74448e-07
-8.74412e-07
-8.74379e-07
-8.74348e-07
-8.74318e-07
-8.74291e-07
-8.74265e-07
-8.7424e-07
-8.74218e-07
-8.74197e-07
-8.74177e-07
-8.74159e-07
-8.74143e-07
-8.74128e-07
-8.74114e-07
-8.74102e-07
-8.74091e-07
-8.74081e-07
-8.74073e-07
-8.74066e-07
-8.7406e-07
-8.74056e-07
-8.74052e-07
-8.7405e-07
-8.74049e-07
-8.74049e-07
-8.7405e-07
-8.74052e-07
-8.74055e-07
-8.74059e-07
-8.74063e-07
-8.74069e-07
-8.74076e-07
-8.74083e-07
-8.74091e-07
-8.741e-07
-8.7411e-07
-8.74121e-07
-8.74132e-07
-8.74144e-07
-8.74156e-07
-8.7417e-07
-8.74184e-07
-8.74198e-07
-8.74213e-07
-8.74229e-07
-8.74245e-07
-8.74262e-07
-8.74279e-07
-8.74297e-07
-8.74315e-07
-8.74334e-07
-8.74353e-07
-8.74372e-07
-8.74392e-07
-8.74413e-07
-8.74433e-07
-8.74454e-07
-8.74476e-07
-8.74497e-07
-8.74519e-07
-8.74542e-07
-8.74564e-07
-8.74587e-07
-8.7461e-07
-8.74633e-07
-8.74657e-07
-8.7468e-07
-8.74704e-07
-8.74728e-07
-8.74752e-07
-8.74777e-07
-8.74801e-07
-8.74826e-07
-8.74851e-07
-8.74876e-07
-8.74901e-07
-8.74926e-07
-8.74951e-07
-8.74976e-07
-8.75001e-07
-8.75027e-07
-8.75052e-07
-8.75078e-07
-8.75103e-07
-8.75129e-07
-8.75154e-07
-8.7518e-07
-8.75205e-07
-8.75231e-07
-8.75256e-07
-8.75282e-07
-8.75307e-07
-8.75333e-07
-8.75358e-07
-8.75383e-07
-8.75409e-07
-8.75434e-07
-8.75459e-07
-8.75484e-07
-8.75509e-07
-8.75534e-07
-8.75559e-07
-8.75584e-07
-8.75609e-07
-8.75633e-07
-8.75658e-07
-8.75682e-07
-8.75707e-07
-8.75731e-07
-8.75755e-07
-8.75779e-07
-8.75803e-07
-8.75827e-07
-8.75851e-07
-8.75874e-07
-8.75897e-07
-8.75921e-07
-8.75944e-07
-8.75967e-07
-8.7599e-07
-8.76013e-07
-8.76035e-07
-8.76058e-07
-8.7608e-07
-8.76102e-07
-8.76124e-07
-8.76146e-07
-8.76168e-07
-8.7619e-07
-8.76211e-07
-8.76232e-07
-8.76254e-07
-8.76275e-07
-8.76296e-07
-8.76316e-07
-8.76337e-07
-8.76357e-07
-8.76378e-07
-8.76398e-07
-8.76418e-07
-8.76438e-07
-8.76457e-07
-8.76477e-07
-8.76496e-07
-8.76516e-07
-8.76535e-07
-8.76554e-07
-8.76572e-07
-8.76591e-07
-8.7661e-07
-8.76628e-07
-8.76646e-07
-8.76664e-07
-8.76682e-07
-8.767e-07
-8.76718e-07
-8.76735e-07
-8.76753e-07
-8.7677e-07
-8.76787e-07
-8.76804e-07
-8.76821e-07
-8.76837e-07
-8.76854e-07
-8.7687e-07
-8.76887e-07
-8.76903e-07
-8.76919e-07
-8.76935e-07
-8.76951e-07
-8.76966e-07
-8.76982e-07
-8.76997e-07
-8.77012e-07
-8.77028e-07
-8.77043e-07
-8.77058e-07
-8.77072e-07
-8.77087e-07
-8.77102e-07
-8.77116e-07
-8.77131e-07
-8.77145e-07
-8.77159e-07
-8.77173e-07
-8.77187e-07
-8.77201e-07
-8.77214e-07
-8.77228e-07
-8.77242e-07
-8.77255e-07
-8.77268e-07
-8.77282e-07
-8.77295e-07
-8.77308e-07
-8.77321e-07
-8.77334e-07
-8.77347e-07
-8.77359e-07
-8.77372e-07
-8.77384e-07
-8.77397e-07
-8.77409e-07
-8.77422e-07
-8.77434e-07
-8.77446e-07
-8.77458e-07
-8.7747e-07
-8.77482e-07
-8.77494e-07
-8.77506e-07
-8.77517e-07
-8.77529e-07
-8.77541e-07
-8.77552e-07
-8.77564e-07
-8.77575e-07
-8.77586e-07
-8.77598e-07
-8.77609e-07
-8.7762e-07
-8.77631e-07
-8.77642e-07
-8.77653e-07
-8.77664e-07
-8.77675e-07
-8.77686e-07
-8.77697e-07
-8.77708e-07
-8.77719e-07
-8.77729e-07
-8.7774e-07
-8.77751e-07
-8.77761e-07
-8.77772e-07
-8.77782e-07
-8.77793e-07
-8.77803e-07
-8.77813e-07
-8.77824e-07
-8.77834e-07
-8.77844e-07
-8.77855e-07
-8.77865e-07
-8.77875e-07
-8.77885e-07
-8.77895e-07
-8.77906e-07
-8.77916e-07
-8.77926e-07
-8.77936e-07
-8.77946e-07
-8.77956e-07
-8.77966e-07
-8.77976e-07
-8.77986e-07
-8.77996e-07
-8.78006e-07
-8.78016e-07
-8.78026e-07
-8.78035e-07
-8.78045e-07
-8.78055e-07
-8.78065e-07
-8.78075e-07
-8.78085e-07
-8.78094e-07
-8.78104e-07
-8.78114e-07
-8.78124e-07
-8.78133e-07
-8.78143e-07
-8.78153e-07
-8.78163e-07
-8.78172e-07
-8.78182e-07
-8.78192e-07
-8.78202e-07
-8.78211e-07
-8.78221e-07
-8.78231e-07
-8.7824e-07
-8.7825e-07
-8.7826e-07
-8.78269e-07
-8.78279e-07
-8.78289e-07
-8.78299e-07
-8.78308e-07
-8.78318e-07
-8.78328e-07
-8.78337e-07
-8.78347e-07
-8.78357e-07
-8.78366e-07
-8.78376e-07
-8.78386e-07
-8.78396e-07
-8.78405e-07
-8.78415e-07
-8.78425e-07
-8.78434e-07
-8.78444e-07
-8.78454e-07
-8.78464e-07
-8.78473e-07
-8.78483e-07
-8.78493e-07
-8.78503e-07
-8.78512e-07
-8.78522e-07
-8.78532e-07
-8.78542e-07
-8.78551e-07
-8.78561e-07
-8.78571e-07
-8.78581e-07
-8.78591e-07
-8.786e-07
-8.7861e-07
-8.7862e-07
-8.7863e-07
-8.7864e-07
-8.7865e-07
-8.7866e-07
-8.78669e-07
-8.78679e-07
-8.78689e-07
-8.78699e-07
-8.78709e-07
-8.78719e-07
-8.78729e-07
-8.78739e-07
-8.78749e-07
-8.78759e-07
-8.78769e-07
-8.78779e-07
-8.78789e-07
-8.78799e-07
-8.78809e-07
-8.78819e-07
-8.78829e-07
-8.78839e-07
-8.78849e-07
-8.78859e-07
-8.78869e-07
-8.78879e-07
-8.78889e-07
-8.78899e-07
-8.78909e-07
-8.78919e-07
-8.78929e-07
-8.78939e-07
-8.78949e-07
-8.78959e-07
-8.7897e-07
-8.7898e-07
-8.7899e-07
-8.79e-07
-8.7901e-07
-8.7902e-07
-8.79031e-07
-8.79041e-07
-8.79051e-07
-8.79061e-07
-8.79071e-07
-8.79082e-07
-8.79092e-07
-8.79102e-07
-8.79112e-07
-8.79123e-07
-8.79133e-07
-8.79143e-07
-8.79153e-07
-8.79164e-07
-8.79174e-07
-8.79184e-07
-8.79194e-07
-8.79205e-07
-8.79215e-07
-8.79225e-07
-8.79236e-07
-8.79246e-07
-8.79256e-07
-8.79267e-07
-8.79277e-07
-8.79288e-07
-8.79298e-07
-8.79308e-07
-8.79319e-07
-8.79329e-07
-8.79339e-07
-8.7935e-07
-8.7936e-07
-8.79371e-07
-8.79381e-07
-8.79392e-07
-8.79402e-07
-8.79412e-07
-8.79423e-07
-8.79433e-07
-8.79444e-07
-8.79454e-07
-8.79465e-07
-8.79475e-07
-8.79486e-07
-8.79496e-07
-8.79507e-07
-8.79517e-07
-8.79528e-07
-8.79538e-07
-8.79549e-07
-8.79559e-07
-8.7957e-07
-8.7958e-07
-8.79591e-07
-8.79601e-07
-8.79612e-07
-8.79622e-07
-8.79633e-07
-8.79644e-07
-8.79654e-07
-8.79665e-07
-8.79675e-07
-8.79686e-07
-8.79696e-07
-8.79707e-07
-8.79718e-07
-8.79728e-07
-8.79739e-07
-8.79749e-07
-8.7976e-07
-8.79771e-07
-8.79781e-07
-8.79792e-07
-8.79802e-07
-8.79813e-07
-8.79824e-07
-8.79834e-07
-8.79845e-07
-8.79856e-07
-8.79866e-07
-8.79877e-07
-8.79887e-07
-8.79898e-07
-8.79909e-07
-8.79919e-07
-8.7993e-07
-8.79941e-07
-8.79951e-07
-8.79962e-07
-8.79973e-07
-8.79983e-07
-8.79994e-07
-8.80005e-07
-8.80015e-07
-8.80026e-07
-8.80037e-07
-8.80047e-07
-8.80058e-07
-8.80069e-07
-8.8008e-07
-8.8009e-07
-8.80101e-07
-8.80112e-07
-8.80122e-07
-8.80133e-07
-8.80144e-07
-8.80154e-07
-8.80165e-07
-8.80176e-07
-8.80187e-07
-8.80197e-07
-8.80208e-07
-8.80219e-07
-8.80229e-07
-8.8024e-07
-8.80251e-07
-8.80262e-07
-8.80272e-07
-8.80283e-07
-8.80294e-07
-8.80305e-07
-8.80315e-07
-8.80326e-07
-8.80337e-07
-8.80348e-07
-8.80358e-07
-8.80369e-07
-8.8038e-07
-8.80391e-07
-8.80401e-07
-8.80412e-07
-8.80423e-07
-8.80434e-07
-8.80444e-07
-8.80455e-07
-8.80466e-07
-8.80477e-07
-8.80488e-07
-8.80498e-07
-8.80509e-07
-8.8052e-07
-8.80531e-07
-8.80541e-07
-8.80552e-07
-8.80563e-07
-8.80574e-07
-8.80585e-07
-8.80595e-07
-8.80606e-07
-8.80617e-07
-8.80628e-07
-8.80639e-07
-8.80649e-07
-8.8066e-07
-8.80671e-07
-8.80682e-07
-8.80693e-07
-8.80704e-07
-8.80714e-07
-8.80725e-07
-8.80736e-07
-8.80747e-07
-8.80758e-07
-8.80768e-07
-8.80779e-07
-8.8079e-07
-8.80801e-07
-8.80812e-07
-8.80823e-07
-8.80834e-07
-8.80844e-07
-8.80855e-07
-8.80866e-07
-8.80877e-07
-8.80888e-07
-8.80899e-07
-8.80909e-07
-8.8092e-07
-8.80931e-07
-8.80942e-07
-8.80953e-07
-8.80964e-07
-8.80975e-07
-8.80986e-07
-8.80996e-07
-8.81007e-07
-8.81018e-07
-8.81029e-07
-8.8104e-07
-8.81051e-07
-8.81062e-07
-8.81073e-07
-8.81083e-07
-8.81094e-07
-8.81105e-07
-8.81116e-07
-8.81127e-07
-8.81138e-07
-8.81149e-07
-8.8116e-07
-8.81171e-07
-8.81182e-07
-8.81192e-07
-8.81203e-07
-8.81214e-07
-8.81225e-07
-8.81236e-07
-8.81247e-07
-8.81258e-07
-8.81269e-07
-8.8128e-07
-8.81291e-07
-8.81302e-07
-8.81313e-07
-8.81324e-07
-8.81335e-07
-8.81346e-07
-8.81357e-07
-8.81367e-07
-8.81378e-07
-8.81389e-07
-8.814e-07
-8.81411e-07
-8.81422e-07
-8.81433e-07
-8.81444e-07
-8.81455e-07
-8.81466e-07
-8.81477e-07
-8.81488e-07
-8.81499e-07
-8.8151e-07
-8.81521e-07
-8.81532e-07
-8.81543e-07
-8.81554e-07
-8.81565e-07
-8.81576e-07
-8.81587e-07
-8.81598e-07
-8.81609e-07
-8.8162e-07
-8.81631e-07
-8.81642e-07
-8.81653e-07
-8.81664e-07
-8.81675e-07
-8.81686e-07
-8.81697e-07
-8.81708e-07
-8.81719e-07
-8.81731e-07
-8.81742e-07
-8.81753e-07
-8.81764e-07
-8.81775e-07
-8.81786e-07
-8.81797e-07
-8.81808e-07
-8.81819e-07
-8.8183e-07
-8.81841e-07
-8.81852e-07
-8.81863e-07
-8.81874e-07
-8.81885e-07
-8.81897e-07
-8.81908e-07
-8.81919e-07
-8.8193e-07
-8.81941e-07
-8.81952e-07
-8.81963e-07
-8.81974e-07
-8.81985e-07
-8.81997e-07
-8.82002e-07
-8.82002e-07
-8.82004e-07
-8.82007e-07
-8.82019e-07
-8.82041e-07
-8.82064e-07
-8.82079e-07
-8.82089e-07
-8.82066e-07
-8.81917e-07
-8.81655e-07
-8.81298e-07
-8.80863e-07
-8.79982e-07
-8.78967e-07
-8.77856e-07
-8.75795e-07
-8.73621e-07
-8.69335e-07
-8.65079e-07
-8.60914e-07
-8.5686e-07
-8.52897e-07
-8.46268e-07
-8.39787e-07
-8.33433e-07
-8.23407e-07
-8.13729e-07
-7.9987e-07
-7.86831e-07
-7.74587e-07
-7.63095e-07
-7.52316e-07
-7.36335e-07
-7.21754e-07
-7.08375e-07
-6.95967e-07
-6.84448e-07
-6.73641e-07
-6.63509e-07
-6.53904e-07
-6.4485e-07
-6.36193e-07
-6.27986e-07
-6.20085e-07
-6.12595e-07
-6.05328e-07
-5.98422e-07
-5.91687e-07
-5.85309e-07
-5.79039e-07
-5.73103e-07
-5.67236e-07
-5.61716e-07
-5.56308e-07
-5.51025e-07
-5.45851e-07
-5.40957e-07
-5.36198e-07
-5.33053e-07
-5.29993e-07
-5.2701e-07
-5.24085e-07
-5.21201e-07
-5.18374e-07
-5.15608e-07
-5.12893e-07
-5.10225e-07
-5.07605e-07
-5.05034e-07
-5.0251e-07
-5.00031e-07
-4.97596e-07
-4.95205e-07
-4.92856e-07
-4.91334e-07
-4.8983e-07
-4.88344e-07
-4.86874e-07
-4.85421e-07
-4.83984e-07
-4.82564e-07
-4.8116e-07
-4.79771e-07
-4.78398e-07
-4.7704e-07
-4.75697e-07
-4.74369e-07
-4.73055e-07
-4.71756e-07
-4.70471e-07
-4.692e-07
-4.67943e-07
-4.66699e-07
-4.65469e-07
-4.64619e-07
-4.63776e-07
-4.62938e-07
-4.62107e-07
-4.61283e-07
-4.60464e-07
-4.59651e-07
-4.58845e-07
-4.58044e-07
-4.57249e-07
-4.5646e-07
-4.55677e-07
-4.549e-07
-4.54128e-07
-4.53362e-07
-4.52602e-07
-4.51847e-07
-4.51097e-07
-4.50353e-07
-4.49615e-07
-4.48882e-07
-4.48154e-07
-4.47431e-07
-4.46714e-07
-4.46001e-07
-4.45294e-07
-4.44592e-07
-4.43895e-07
-4.43203e-07
-4.42516e-07
-4.41833e-07
-4.41156e-07
-4.40483e-07
-4.39816e-07
-4.39153e-07
-4.38494e-07
-4.3784e-07
-4.37191e-07
-4.36547e-07
-4.35907e-07
-4.35271e-07
-4.3464e-07
-4.34014e-07
-4.33392e-07
-4.32774e-07
-4.3216e-07
-4.31551e-07
-4.30946e-07
-4.30346e-07
-4.29749e-07
-4.29157e-07
-4.28568e-07
-4.27984e-07
-4.27404e-07
-4.26828e-07
-4.26256e-07
-4.25688e-07
-4.25124e-07
-4.24563e-07
-4.24007e-07
-4.23454e-07
-4.22906e-07
-4.22361e-07
-4.21819e-07
-4.21282e-07
-4.20748e-07
-4.20218e-07
-4.19692e-07
-4.19169e-07
-4.18649e-07
-4.18134e-07
-4.17622e-07
-4.17113e-07
-4.16608e-07
-4.16106e-07
-4.15608e-07
-4.15113e-07
-4.14621e-07
-4.14133e-07
-4.13648e-07
-4.13167e-07
-4.12689e-07
-4.12214e-07
-4.11505e-07
-4.10804e-07
-4.1011e-07
-4.09037e-07
-4.07981e-07
-4.06942e-07
-4.0524e-07
-4.03583e-07
-4.01085e-07
-3.98687e-07
-3.96391e-07
-3.9419e-07
-3.9208e-07
-3.90057e-07
-3.88119e-07
-3.86264e-07
-3.84487e-07
-3.82786e-07
-3.81159e-07
-3.79602e-07
-3.78114e-07
-3.76693e-07
-3.75335e-07
-3.74039e-07
-3.72803e-07
-3.71626e-07
-3.70504e-07
-3.69438e-07
-3.68424e-07
-3.67461e-07
-3.66548e-07
-3.65683e-07
-3.64866e-07
-3.64093e-07
-3.62997e-07
-3.62003e-07
-3.61102e-07
-3.60292e-07
-3.59567e-07
-3.58927e-07
-3.58367e-07
-3.57884e-07
-3.57472e-07
-3.57136e-07
-3.56867e-07
-3.56664e-07
-3.56523e-07
-3.56444e-07
-3.56423e-07
-3.56459e-07
-3.56549e-07
-3.56691e-07
-3.56883e-07
-3.57125e-07
-3.5741e-07
-3.57742e-07
-3.58118e-07
-3.58537e-07
-3.58995e-07
-3.59489e-07
-3.60022e-07
-3.60591e-07
-3.61193e-07
-3.6183e-07
-3.62498e-07
-3.63195e-07
-3.63922e-07
-3.64676e-07
-3.65456e-07
-3.66263e-07
-3.67094e-07
-3.67949e-07
-3.68825e-07
-3.69723e-07
-3.7064e-07
-3.71578e-07
-3.72533e-07
-3.73506e-07
-3.74497e-07
-3.75501e-07
-3.76521e-07
-3.77555e-07
-3.78601e-07
-3.79661e-07
-3.8073e-07
-3.8181e-07
-3.82902e-07
-3.84001e-07
-3.85109e-07
-3.86224e-07
-3.87347e-07
-3.88477e-07
-3.89611e-07
-3.9075e-07
-3.91894e-07
-3.93041e-07
-3.94193e-07
-3.95346e-07
-3.96501e-07
-3.97657e-07
-3.98815e-07
-3.99973e-07
-4.0113e-07
-4.02287e-07
-4.03442e-07
-4.04597e-07
-4.04885e-07
-4.05172e-07
-4.0546e-07
-4.05748e-07
-4.06036e-07
-4.06323e-07
-4.06865e-07
-4.07407e-07
-4.07948e-07
-4.08926e-07
-4.09901e-07
-4.10874e-07
-4.11843e-07
-4.12809e-07
-4.13771e-07
-4.1473e-07
-4.15684e-07
-4.16634e-07
-4.17579e-07
-4.1852e-07
-4.19456e-07
-4.20386e-07
-4.21312e-07
-4.22232e-07
-4.23146e-07
-4.24055e-07
-4.24958e-07
-4.25855e-07
-4.26746e-07
-4.2763e-07
-4.28508e-07
-4.29379e-07
-4.30244e-07
-4.31102e-07
-4.31953e-07
-4.32797e-07
-4.33634e-07
-4.34464e-07
-4.35287e-07
-4.36102e-07
-4.3691e-07
-4.3771e-07
-4.38503e-07
-4.39288e-07
-4.40065e-07
-4.40835e-07
-4.41597e-07
-4.42351e-07
-4.43098e-07
-4.43836e-07
-4.44567e-07
-4.4529e-07
-4.46004e-07
-4.46711e-07
-4.4741e-07
-4.48101e-07
-4.48783e-07
-4.49458e-07
-4.50125e-07
-4.50783e-07
-4.51434e-07
-4.52076e-07
-4.52711e-07
-4.53338e-07
-4.53956e-07
-4.54567e-07
-4.5517e-07
-4.55764e-07
-4.56351e-07
-4.5693e-07
-4.57502e-07
-4.58065e-07
-4.58621e-07
-4.59169e-07
-4.59709e-07
-4.60242e-07
-4.60767e-07
-4.61284e-07
-4.61794e-07
-4.62297e-07
-4.62792e-07
-4.63279e-07
-4.6376e-07
-4.64233e-07
-4.64699e-07
-4.65158e-07
-4.65609e-07
-4.66054e-07
-4.66492e-07
-4.66923e-07
-4.67347e-07
-4.67764e-07
-4.68174e-07
-4.68578e-07
-4.68975e-07
-4.69366e-07
-4.6975e-07
-4.70128e-07
-4.70499e-07
-4.70864e-07
-4.71223e-07
-4.71576e-07
-4.71923e-07
-4.72264e-07
-4.72599e-07
-4.72928e-07
-4.73251e-07
-4.73568e-07
-4.7388e-07
-4.74187e-07
-4.74487e-07
-4.74782e-07
-4.75072e-07
-4.75357e-07
-4.75636e-07
-4.75911e-07
-4.7618e-07
-4.76444e-07
-4.76703e-07
-4.76957e-07
-4.77207e-07
-4.77451e-07
-4.77691e-07
-4.77927e-07
-4.78157e-07
-4.78384e-07
-4.78606e-07
-4.78823e-07
-4.79036e-07
-4.79245e-07
-4.7945e-07
-4.79651e-07
-4.79848e-07
-4.8004e-07
-4.80229e-07
-4.80414e-07
-4.80595e-07
-4.80773e-07
-4.80946e-07
-4.81117e-07
-4.81283e-07
-4.81446e-07
-4.81606e-07
-4.81762e-07
-4.81915e-07
-4.82065e-07
-4.82211e-07
-4.82355e-07
-4.82495e-07
-4.82632e-07
-4.82766e-07
-4.82898e-07
-4.83026e-07
-4.83152e-07
-4.83274e-07
-4.83394e-07
-4.83512e-07
-4.83626e-07
-4.83738e-07
-4.83848e-07
-4.83955e-07
-4.8406e-07
-4.84162e-07
-4.84262e-07
-4.84359e-07
-4.84454e-07
-4.84547e-07
-4.84638e-07
-4.84727e-07
-4.84813e-07
-4.84898e-07
-4.8498e-07
-4.85061e-07
-4.85139e-07
-4.85216e-07
-4.85291e-07
-4.85364e-07
-4.85435e-07
-4.85504e-07
-4.85572e-07
-4.85638e-07
-4.85702e-07
-4.85765e-07
-4.85826e-07
-4.85885e-07
-4.85943e-07
-4.85999e-07
-4.86054e-07
-4.86108e-07
-4.8616e-07
-4.86211e-07
-4.8626e-07
-4.86308e-07
-4.86355e-07
-4.86401e-07
-4.86445e-07
-4.86488e-07
-4.8653e-07
-4.86571e-07
-4.86611e-07
-4.86649e-07
-4.86687e-07
-4.86723e-07
-4.86758e-07
-4.86792e-07
-4.86826e-07
-4.86858e-07
-4.86889e-07
-4.8692e-07
-4.86949e-07
-4.86978e-07
-4.87006e-07
-4.87033e-07
-4.87059e-07
-4.87084e-07
-4.87109e-07
-4.87132e-07
-4.87155e-07
-4.87177e-07
-4.87199e-07
-4.8722e-07
-4.8724e-07
-4.87259e-07
-4.87278e-07
-4.87296e-07
-4.87313e-07
-4.8733e-07
-4.87346e-07
-4.87362e-07
-4.87377e-07
-4.87391e-07
-4.87405e-07
-4.87419e-07
-4.87431e-07
-4.87444e-07
-4.87456e-07
-4.87467e-07
-4.87478e-07
-4.87488e-07
-4.87498e-07
-4.87508e-07
-4.87517e-07
-4.87525e-07
-4.87534e-07
-4.87542e-07
-4.87549e-07
-4.87556e-07
-4.87563e-07
-4.87569e-07
-4.87575e-07
-4.87581e-07
-4.87586e-07
-4.87591e-07
-4.87595e-07
-4.876e-07
-4.87604e-07
-4.87607e-07
-4.87611e-07
-4.87614e-07
-4.87617e-07
-4.87619e-07
-4.87621e-07
-4.87623e-07
-4.87625e-07
-4.87627e-07
-4.87628e-07
-4.87629e-07
-4.8763e-07
-4.8763e-07
-4.87631e-07
-4.87631e-07
-4.87631e-07
-4.87631e-07
-4.8763e-07
-4.87629e-07
-4.87629e-07
-4.87627e-07
-4.87626e-07
-4.87625e-07
-4.87623e-07
-4.87622e-07
-4.8762e-07
-4.87618e-07
-4.87615e-07
-4.87613e-07
-4.87611e-07
-4.87608e-07
-4.87605e-07
-4.87602e-07
-4.87599e-07
-4.87596e-07
-4.87593e-07
-4.87589e-07
-4.87586e-07
-4.87582e-07
-4.87578e-07
-4.87574e-07
-4.8757e-07
-4.87566e-07
-4.87562e-07
-4.87558e-07
-4.87553e-07
-4.87549e-07
-4.87544e-07
-4.87539e-07
-4.87535e-07
-4.8753e-07
-4.87525e-07
-4.8752e-07
-4.87515e-07
-4.87509e-07
-4.87504e-07
-4.87499e-07
-4.87493e-07
-4.87488e-07
-4.87482e-07
-4.87477e-07
-4.87471e-07
-4.87465e-07
-4.87459e-07
-4.87453e-07
-4.87447e-07
-4.87441e-07
-4.87435e-07
-4.87429e-07
-4.87423e-07
-4.87417e-07
-4.87411e-07
-4.87404e-07
-4.87398e-07
-4.87392e-07
-4.87385e-07
-4.87379e-07
-4.87372e-07
-4.87366e-07
-4.87359e-07
-4.87352e-07
-4.87346e-07
-4.87339e-07
-4.87332e-07
-4.87325e-07
-4.87318e-07
-4.87311e-07
-4.87305e-07
-4.87298e-07
-4.87291e-07
-4.87284e-07
-4.87277e-07
-4.8727e-07
-4.87262e-07
-4.87255e-07
-4.87248e-07
-4.87241e-07
-4.8723e-07
-4.87218e-07
-4.87207e-07
-4.87195e-07
-4.87184e-07
-4.87172e-07
-4.8716e-07
-4.87149e-07
-4.87137e-07
-4.87125e-07
-4.87113e-07
-4.87101e-07
-4.87089e-07
-4.87077e-07
-4.87074e-07
-4.87071e-07
-4.87069e-07
-4.87066e-07
-4.87063e-07
-4.8706e-07
-4.87057e-07
-4.87054e-07
-4.87048e-07
-4.87042e-07
-4.87034e-07
-4.87025e-07
-4.87017e-07
-4.87008e-07
-4.87e-07
-4.86991e-07
-4.86982e-07
-4.86974e-07
-4.86965e-07
-4.86957e-07
-4.86948e-07
-4.86939e-07
-4.86931e-07
-4.86922e-07
-4.86914e-07
-4.86905e-07
-4.86896e-07
-4.86888e-07
-4.86879e-07
-4.8687e-07
-4.86862e-07
-4.86853e-07
-4.86845e-07
-4.86836e-07
-4.86827e-07
-4.86819e-07
-4.8681e-07
-4.86802e-07
-4.86793e-07
-4.86784e-07
-4.86776e-07
-4.86767e-07
-4.86759e-07
-4.8675e-07
-4.86742e-07
-4.86733e-07
-4.86724e-07
-4.86716e-07
-4.86707e-07
-4.86699e-07
-4.8669e-07
-4.86682e-07
-4.86673e-07
-4.86665e-07
-4.86656e-07
-4.86648e-07
-4.86639e-07
-4.86631e-07
-4.86623e-07
-4.86614e-07
-4.86606e-07
-4.86597e-07
-4.86589e-07
-4.8658e-07
-4.86572e-07
-4.86564e-07
-4.86555e-07
-4.86547e-07
-4.86539e-07
-4.86531e-07
-4.86522e-07
-4.86514e-07
-4.86506e-07
-4.86497e-07
-4.86489e-07
-4.86481e-07
-4.86473e-07
-4.86465e-07
-4.86457e-07
-4.86448e-07
-4.8644e-07
-4.86432e-07
-4.86424e-07
-4.86416e-07
-4.86408e-07
-4.864e-07
-4.86392e-07
-4.86384e-07
-4.86376e-07
-4.86368e-07
-4.8636e-07
-4.86352e-07
-4.86344e-07
-4.86336e-07
-4.86328e-07
-4.86321e-07
-4.86313e-07
-4.86305e-07
-4.86297e-07
-4.86289e-07
-4.86282e-07
-4.86274e-07
-4.86266e-07
-4.86259e-07
-4.86251e-07
-4.86243e-07
-4.86236e-07
-4.86228e-07
-4.86221e-07
-4.86213e-07
-4.86206e-07
-4.86198e-07
-4.86191e-07
-4.86183e-07
-4.86176e-07
-4.86168e-07
-4.86161e-07
-4.86154e-07
-4.86146e-07
-4.86139e-07
-4.86132e-07
-4.86124e-07
-4.86117e-07
-4.8611e-07
-4.86103e-07
-4.86095e-07
-4.86088e-07
-4.86081e-07
-4.86074e-07
-4.86067e-07
-4.8606e-07
-4.86053e-07
-4.86046e-07
-4.86039e-07
-4.86032e-07
-4.86025e-07
-4.86018e-07
-4.86011e-07
-4.86005e-07
-4.85998e-07
-4.85991e-07
-4.85984e-07
-4.85977e-07
-4.85971e-07
-4.85964e-07
-4.85957e-07
-4.85951e-07
-4.85944e-07
-4.85937e-07
-4.85931e-07
-4.85924e-07
-4.85918e-07
-4.85911e-07
-4.85905e-07
-4.85898e-07
-4.85892e-07
-4.85886e-07
-4.85879e-07
-4.85873e-07
-4.85867e-07
-4.8586e-07
-4.85854e-07
-4.85848e-07
-4.85842e-07
-4.85836e-07
-4.85829e-07
-4.85823e-07
-4.85817e-07
-4.85811e-07
-4.85805e-07
-4.85799e-07
-4.85793e-07
-4.85787e-07
-4.85781e-07
-4.85775e-07
-4.85769e-07
-4.85764e-07
-4.85758e-07
-4.85752e-07
-4.85746e-07
-4.8574e-07
-4.85735e-07
-4.85729e-07
-4.85723e-07
-4.85718e-07
-4.85712e-07
-4.85706e-07
-4.85701e-07
-4.85695e-07
-4.8569e-07
-4.85684e-07
-4.85679e-07
-4.85673e-07
-4.85668e-07
-4.85663e-07
-4.85657e-07
-4.85652e-07
-4.85647e-07
-4.85641e-07
-4.85636e-07
-4.85631e-07
-4.85626e-07
-4.85621e-07
-4.85615e-07
-4.8561e-07
-4.85605e-07
-4.856e-07
-4.85595e-07
-4.8559e-07
-4.85585e-07
-4.8558e-07
-4.85575e-07
-4.8557e-07
-4.85565e-07
-4.8556e-07
-4.85556e-07
-4.85551e-07
-4.85546e-07
-4.85541e-07
-4.85537e-07
-4.85532e-07
-4.85527e-07
-4.85523e-07
-4.85518e-07
-4.85513e-07
-4.85509e-07
-4.85504e-07
-4.855e-07
-4.85495e-07
-4.85491e-07
-4.85486e-07
-4.85482e-07
-4.85477e-07
-4.85473e-07
-4.85469e-07
-4.85464e-07
-4.8546e-07
-4.85456e-07
-4.85451e-07
-4.85447e-07
-4.85443e-07
-4.85439e-07
-4.85435e-07
-4.85431e-07
-4.85426e-07
-4.85422e-07
-4.85418e-07
-4.85414e-07
-4.8541e-07
-4.85406e-07
-4.85402e-07
-4.85398e-07
-4.85395e-07
-4.85391e-07
-4.85387e-07
-4.85383e-07
-4.85379e-07
-4.85375e-07
-4.85372e-07
-4.85368e-07
-4.85364e-07
-4.8536e-07
-4.85357e-07
-4.85353e-07
-4.85349e-07
-4.85346e-07
-4.85342e-07
-4.85339e-07
-4.85335e-07
-4.85332e-07
-4.85328e-07
-4.85325e-07
-4.85321e-07
-4.85318e-07
-4.85314e-07
-4.85311e-07
-4.85308e-07
-4.85304e-07
-4.85301e-07
-4.85298e-07
-4.85294e-07
-4.85291e-07
-4.85288e-07
-4.85285e-07
-4.85282e-07
-4.85278e-07
-4.85275e-07
-4.85272e-07
-4.85269e-07
-4.85266e-07
-4.85263e-07
-4.8526e-07
-4.85257e-07
-4.85254e-07
-4.85251e-07
-4.85248e-07
-4.85245e-07
-4.85242e-07
-4.85239e-07
-4.85237e-07
-4.85234e-07
-4.85231e-07
-4.85228e-07
-4.85225e-07
-4.85223e-07
-4.8522e-07
-4.85217e-07
-4.85215e-07
-4.85212e-07
-4.85209e-07
-4.85207e-07
-4.85204e-07
-4.85201e-07
-4.85199e-07
-4.85196e-07
-4.85194e-07
-4.85191e-07
-4.85189e-07
-4.85186e-07
-4.85184e-07
-4.85181e-07
-4.85179e-07
-4.85177e-07
-4.85174e-07
-4.85172e-07
-4.8517e-07
-4.85167e-07
-4.85165e-07
-4.85163e-07
-4.85161e-07
-4.85158e-07
-4.85156e-07
-4.85154e-07
-4.85152e-07
-4.8515e-07
-4.85147e-07
-4.85145e-07
-4.85143e-07
-4.85141e-07
-4.85139e-07
-4.85137e-07
-4.85135e-07
-4.85133e-07
-4.85131e-07
-4.85129e-07
-4.85127e-07
-4.85125e-07
-4.85123e-07
-4.85121e-07
-4.8512e-07
-4.85118e-07
-4.85116e-07
-4.85114e-07
-4.85112e-07
-4.85111e-07
-4.85109e-07
-4.85107e-07
-4.85105e-07
-4.85104e-07
-4.85102e-07
-4.851e-07
-4.85099e-07
-4.85097e-07
-4.85095e-07
-4.85094e-07
-4.85092e-07
-4.85091e-07
-4.85089e-07
-4.85087e-07
-4.85086e-07
-4.85084e-07
-4.85083e-07
-4.85081e-07
-4.8508e-07
-4.85079e-07
-4.85077e-07
-4.85076e-07
-4.85074e-07
-4.85073e-07
-4.85072e-07
-4.8507e-07
-4.85069e-07
-4.85068e-07
-4.85066e-07
-4.85065e-07
-4.85064e-07
-4.85063e-07
-4.85061e-07
-4.8506e-07
-4.85059e-07
-4.85058e-07
-4.85057e-07
-4.85055e-07
-4.85054e-07
-4.85053e-07
-4.85052e-07
-4.85051e-07
-4.8505e-07
-4.85049e-07
-4.85048e-07
-4.85047e-07
-4.85046e-07
-4.85045e-07
-4.85044e-07
-4.85043e-07
-4.85042e-07
-4.85041e-07
-4.8504e-07
-4.85039e-07
-4.85038e-07
-4.85037e-07
-4.85037e-07
-4.85036e-07
-4.85035e-07
-4.85034e-07
-4.85033e-07
-4.85033e-07
-4.85032e-07
-4.85031e-07
-4.8503e-07
-4.8503e-07
-4.85029e-07
-4.85028e-07
-4.85027e-07
-4.85027e-07
-4.85026e-07
-4.85025e-07
-4.85025e-07
-4.85024e-07
-4.85024e-07
-4.85023e-07
-4.85022e-07
-4.85022e-07
-4.85021e-07
-4.85021e-07
-4.8502e-07
-4.8502e-07
-4.85019e-07
-4.85019e-07
-4.85018e-07
-4.85018e-07
-4.85017e-07
-4.85017e-07
-4.85017e-07
-4.85016e-07
-4.85016e-07
-4.85015e-07
-4.85015e-07
-4.85015e-07
-4.85014e-07
-4.85014e-07
-4.85014e-07
-4.85013e-07
-4.85013e-07
-4.85013e-07
-4.85013e-07
-4.85012e-07
-4.85012e-07
-4.85012e-07
-4.85012e-07
-4.85012e-07
-4.85011e-07
-4.85011e-07
-4.85011e-07
-4.85011e-07
-4.85011e-07
-4.85011e-07
-4.8501e-07
-4.8501e-07
-4.8501e-07
-4.8501e-07
-4.8501e-07
-4.8501e-07
-4.8501e-07
-4.8501e-07
-4.8501e-07
-4.8501e-07
-4.8501e-07
-4.8501e-07
-4.8501e-07
-4.8501e-07
-4.8501e-07
-4.8501e-07
-4.8501e-07
-4.8501e-07
-4.8501e-07
-4.85011e-07
-4.85011e-07
-4.85011e-07
-4.85011e-07
-4.85011e-07
-4.85011e-07
-4.85011e-07
-4.85012e-07
-4.85012e-07
-4.85012e-07
-4.85012e-07
-4.85012e-07
-4.85013e-07
-4.85013e-07
-4.85013e-07
-4.85013e-07
-4.85014e-07
-4.85014e-07
-4.85014e-07
-4.85015e-07
-4.85015e-07
-4.85015e-07
-4.85016e-07
-4.85016e-07
-4.85016e-07
-4.85017e-07
-4.85017e-07
-4.85017e-07
-4.85018e-07
-4.85018e-07
-4.85019e-07
-4.85019e-07
-4.8502e-07
-4.8502e-07
-4.85021e-07
-4.85021e-07
-4.85021e-07
-4.85022e-07
-4.85022e-07
-4.85023e-07
-4.85024e-07
-4.85024e-07
-4.85025e-07
-4.85025e-07
-4.85026e-07
-4.85026e-07
-4.85027e-07
-4.85027e-07
-4.85028e-07
-4.85029e-07
-4.85029e-07
-4.8503e-07
-4.85031e-07
-4.85031e-07
-4.85032e-07
-4.85032e-07
-4.85033e-07
-4.85034e-07
-4.85035e-07
-4.85035e-07
-4.85036e-07
-4.85037e-07
-4.85037e-07
-4.85038e-07
-4.85039e-07
-4.8504e-07
-4.8504e-07
-4.85041e-07
-4.85042e-07
-4.85043e-07
-4.85044e-07
-4.85044e-07
-4.85045e-07
-4.85046e-07
-4.85047e-07
-4.85048e-07
-4.85048e-07
-4.85049e-07
-4.8505e-07
-4.85051e-07
-4.85052e-07
-4.85053e-07
-4.85054e-07
-4.85055e-07
-4.85056e-07
-4.85056e-07
-4.85057e-07
-4.85058e-07
-4.85059e-07
-4.8506e-07
-4.85061e-07
-4.85062e-07
-4.85063e-07
-4.85064e-07
-4.85065e-07
-4.85066e-07
-4.85067e-07
-4.85068e-07
-4.85069e-07
-4.8507e-07
-4.85071e-07
-4.85072e-07
-4.85073e-07
-4.85074e-07
-4.85076e-07
-4.85077e-07
-4.85078e-07
-4.85079e-07
-4.8508e-07
-4.85081e-07
-4.85082e-07
-4.85083e-07
-4.85084e-07
-4.85085e-07
-4.85087e-07
-4.85088e-07
-4.85089e-07
-4.8509e-07
-4.85091e-07
-4.85092e-07
-4.85094e-07
-4.85095e-07
-4.85096e-07
-4.85097e-07
-4.85098e-07
-4.851e-07
-4.85101e-07
-4.85102e-07
-4.85103e-07
-4.85105e-07
-4.85106e-07
-4.85107e-07
-4.85108e-07
-4.8511e-07
-4.85111e-07
-4.85112e-07
-4.85114e-07
-4.85115e-07
-4.85116e-07
-4.85118e-07
-4.85119e-07
-4.8512e-07
-4.85122e-07
-4.85123e-07
-4.85124e-07
-4.85126e-07
-4.85127e-07
-4.85128e-07
-4.8513e-07
-4.85131e-07
-4.85132e-07
-4.85134e-07
-4.85135e-07
-4.85137e-07
-4.85138e-07
-4.8514e-07
-4.85141e-07
-4.85142e-07
-4.85144e-07
-4.85145e-07
-4.85147e-07
-4.85148e-07
-4.8515e-07
-4.85151e-07
-4.85153e-07
-4.85154e-07
-4.85156e-07
-4.85157e-07
-4.85159e-07
-4.8516e-07
-4.85162e-07
-4.85163e-07
-4.85165e-07
-4.85166e-07
-4.85168e-07
-4.85169e-07
-4.85171e-07
-4.85172e-07
-4.85174e-07
-4.85175e-07
-4.85177e-07
-4.85179e-07
-4.8518e-07
-4.85182e-07
-4.85183e-07
-4.85185e-07
-4.85187e-07
-4.85188e-07
-4.8519e-07
-4.85191e-07
-4.85193e-07
-4.85195e-07
-4.85196e-07
-4.85198e-07
-4.852e-07
-4.85201e-07
-4.85203e-07
-4.85204e-07
-4.85206e-07
-4.85208e-07
-4.85209e-07
-4.85211e-07
-4.85213e-07
-4.85215e-07
-4.85216e-07
-4.85218e-07
-4.8522e-07
-4.85221e-07
-4.85223e-07
-4.85225e-07
-4.85227e-07
-4.85228e-07
-4.8523e-07
-4.85232e-07
-4.85233e-07
-4.85235e-07
-4.85237e-07
-4.85239e-07
-4.8524e-07
-4.85242e-07
-4.85244e-07
-4.85246e-07
-4.85248e-07
-4.85249e-07
-4.85251e-07
-4.85253e-07
-4.85255e-07
-4.85257e-07
-4.85258e-07
-4.8526e-07
-4.85262e-07
-4.85264e-07
-4.85266e-07
-4.85268e-07
-4.85269e-07
-4.85271e-07
-4.85273e-07
-4.85275e-07
-4.85277e-07
-4.85279e-07
-4.8528e-07
-4.85282e-07
-4.85284e-07
-4.85286e-07
-4.85288e-07
-4.8529e-07
-4.85292e-07
-4.85294e-07
-4.85296e-07
-4.85297e-07
-4.85299e-07
-4.85301e-07
-4.85303e-07
-4.85305e-07
-4.85307e-07
-4.85309e-07
-4.85311e-07
-4.85313e-07
-4.85315e-07
-4.85317e-07
-4.85319e-07
-4.85321e-07
-4.85323e-07
-4.85325e-07
-4.85327e-07
-4.85328e-07
-4.8533e-07
-4.85332e-07
-4.85334e-07
-4.85336e-07
-4.85338e-07
-4.8534e-07
-4.85342e-07
-4.85344e-07
-4.85346e-07
-4.85348e-07
-4.8535e-07
-4.85352e-07
-4.85354e-07
-4.85356e-07
-4.85358e-07
-4.8536e-07
-4.85363e-07
-4.85365e-07
-4.85367e-07
-4.85369e-07
-4.85371e-07
-4.85373e-07
-4.85375e-07
-4.85377e-07
-4.85379e-07
-4.85381e-07
-4.85383e-07
-4.85385e-07
-4.85387e-07
-4.85389e-07
-4.85391e-07
-4.85393e-07
-4.85396e-07
-4.85398e-07
-4.854e-07
-4.85402e-07
-4.85404e-07
-4.85406e-07
-4.85408e-07
-4.8541e-07
-4.85412e-07
-4.85414e-07
-4.85417e-07
-4.85419e-07
-4.85421e-07
-4.85423e-07
-4.85425e-07
-4.85427e-07
-4.85429e-07
-4.85432e-07
-4.85434e-07
-4.85436e-07
-4.85438e-07
-4.8544e-07
-4.85442e-07
-4.85444e-07
-4.85447e-07
-4.85449e-07
-4.85451e-07
-4.85453e-07
-4.85455e-07
-4.85457e-07
-4.8546e-07
-4.85462e-07
-4.85464e-07
-4.85466e-07
-4.85468e-07
-4.85471e-07
-4.85473e-07
-4.85475e-07
-4.85477e-07
-4.85479e-07
-4.85482e-07
-4.85484e-07
-4.85486e-07
-4.85488e-07
-4.85491e-07
-4.85493e-07
-4.85495e-07
-4.85497e-07
-4.85499e-07
-4.85502e-07
-4.85504e-07
-4.85506e-07
-4.85508e-07
-4.85511e-07
-4.85513e-07
-4.85515e-07
-4.85517e-07
-4.8552e-07
-4.85522e-07
-4.85524e-07
-4.85526e-07
-4.85529e-07
-4.85531e-07
-4.85533e-07
-4.85536e-07
-4.85538e-07
-4.8554e-07
-4.85542e-07
-4.85545e-07
-4.85547e-07
-4.85549e-07
-4.85552e-07
-4.85554e-07
-4.85556e-07
-4.85558e-07
-4.85561e-07
-4.85563e-07
-4.85565e-07
-4.85568e-07
-4.8557e-07
-4.85572e-07
-4.85575e-07
-4.85577e-07
-4.85579e-07
-4.85582e-07
-4.85584e-07
-4.85586e-07
-4.85589e-07
-4.85591e-07
-4.85593e-07
-4.85596e-07
-4.85598e-07
-4.856e-07
-4.85603e-07
-4.85605e-07
-4.85607e-07
-4.8561e-07
-4.85612e-07
-4.85614e-07
-4.85617e-07
-4.85619e-07
-4.85621e-07
-4.85624e-07
-4.85626e-07
-4.85629e-07
-4.85631e-07
-4.85633e-07
-4.85636e-07
-4.85638e-07
-4.8564e-07
-4.85643e-07
-4.85645e-07
-4.85648e-07
-4.8565e-07
-4.85652e-07
-4.85655e-07
-4.85657e-07
-4.8566e-07
-4.85662e-07
-4.85664e-07
-4.85667e-07
-4.85669e-07
-4.85672e-07
-4.85674e-07
-4.85676e-07
-4.85679e-07
-4.85681e-07
-4.85684e-07
-4.85686e-07
-4.85688e-07
-4.85691e-07
-4.85693e-07
-4.85696e-07
-4.85698e-07
-4.857e-07
-4.85703e-07
-4.85705e-07
-4.85708e-07
-4.8571e-07
-4.85713e-07
-4.85715e-07
-4.85717e-07
-4.8572e-07
-4.85722e-07
-4.85725e-07
-4.85727e-07
-4.8573e-07
-4.85732e-07
-4.85735e-07
-4.85737e-07
-4.8574e-07
-4.85742e-07
-4.85744e-07
-4.85747e-07
-4.85749e-07
-4.85752e-07
-4.85754e-07
-4.85757e-07
-4.85759e-07
-4.85762e-07
-4.85764e-07
-4.85767e-07
-4.85769e-07
-4.85772e-07
-4.85774e-07
-4.85776e-07
-4.85779e-07
-4.85781e-07
-4.85784e-07
-4.85786e-07
-4.85789e-07
-4.85791e-07
-4.85794e-07
-4.85796e-07
-4.85799e-07
-4.85801e-07
-4.85804e-07
-4.85806e-07
-4.85809e-07
-4.85811e-07
-4.85814e-07
-4.85816e-07
-4.85819e-07
-4.85821e-07
-4.85824e-07
-4.85826e-07
-4.85829e-07
-4.85831e-07
-4.85834e-07
-4.85836e-07
-4.85839e-07
-4.85841e-07
-4.85844e-07
-4.85846e-07
-4.85849e-07
-4.85851e-07
-4.85854e-07
-4.85856e-07
-4.85859e-07
-4.85861e-07
-4.85864e-07
-4.85866e-07
-4.85869e-07
-4.85872e-07
-4.85874e-07
-4.85877e-07
-4.85879e-07
-4.85882e-07
-4.85884e-07
-4.85887e-07
-4.85889e-07
-4.85892e-07
-4.85894e-07
-4.85897e-07
-4.85899e-07
-4.85902e-07
-4.85904e-07
-4.85907e-07
-4.8591e-07
-4.85912e-07
-4.85915e-07
-4.85917e-07
-4.8592e-07
-4.85922e-07
-4.85925e-07
-4.85927e-07
-4.8593e-07
-4.85932e-07
-4.85935e-07
-4.85938e-07
-4.8594e-07
-4.85943e-07
-4.85945e-07
-4.85948e-07
-4.8595e-07
-4.85953e-07
-4.85955e-07
-4.85958e-07
-4.85961e-07
-4.85963e-07
-4.85966e-07
-4.85968e-07
-4.85971e-07
-4.85973e-07
-4.85976e-07
-4.85979e-07
-4.85981e-07
-4.85984e-07
-4.85986e-07
-4.85989e-07
-4.85991e-07
-4.85994e-07
-4.85997e-07
-4.85999e-07
-4.86002e-07
-4.86004e-07
-4.86007e-07
-4.86009e-07
-4.86012e-07
-4.86015e-07
-4.86017e-07
-4.8602e-07
-4.86022e-07
-4.86025e-07
-4.86027e-07
-4.8603e-07
-4.86033e-07
-4.86035e-07
-4.86038e-07
-4.8604e-07
-4.86043e-07
-4.86046e-07
-4.86048e-07
-4.86051e-07
-4.86053e-07
-4.86056e-07
-4.86059e-07
-4.86061e-07
-4.86064e-07
-4.86066e-07
-4.86069e-07
-4.86072e-07
-4.86074e-07
-4.86077e-07
-4.86079e-07
-4.86082e-07
-4.86084e-07
-4.86087e-07
-4.8609e-07
-4.86092e-07
-4.86095e-07
-4.86097e-07
-4.861e-07
-4.86103e-07
-4.86105e-07
-4.86108e-07
-4.86111e-07
-4.86113e-07
-4.86116e-07
-4.86118e-07
-4.86121e-07
-4.86124e-07
-4.86126e-07
-4.86129e-07
-4.86131e-07
-4.86134e-07
-4.86137e-07
-4.86139e-07
-4.86142e-07
-4.86144e-07
-4.86147e-07
-4.8615e-07
-4.86152e-07
-4.86155e-07
-4.86157e-07
-4.8616e-07
-4.86163e-07
-4.86165e-07
-4.86168e-07
-4.86171e-07
-4.86173e-07
-4.86176e-07
-4.86178e-07
-4.86181e-07
-4.86184e-07
-4.86186e-07
-4.86189e-07
-4.86192e-07
-4.86194e-07
-4.86197e-07
-4.86199e-07
-4.86202e-07
-4.86205e-07
-4.86207e-07
-4.8621e-07
-4.86213e-07
-4.86215e-07
-4.86218e-07
-4.8622e-07
-4.86223e-07
-4.86226e-07
-4.86228e-07
-4.86231e-07
-4.86234e-07
-4.86236e-07
-4.86239e-07
-4.86241e-07
-4.86244e-07
-4.86247e-07
-4.86249e-07
-4.86252e-07
-4.86255e-07
-4.86257e-07
-4.8626e-07
-4.86262e-07
-4.86265e-07
-4.86268e-07
-4.8627e-07
-4.86273e-07
-4.86276e-07
-4.86278e-07
-4.86281e-07
-4.86283e-07
-4.86286e-07
-4.86289e-07
-4.86291e-07
-4.86294e-07
-4.86297e-07
-4.86299e-07
-4.86302e-07
-4.86305e-07
-4.86307e-07
-4.8631e-07
-4.86312e-07
-4.86315e-07
-4.86318e-07
-4.8632e-07
-4.86323e-07
-4.86326e-07
-4.86328e-07
-4.86331e-07
-4.86334e-07
-4.86336e-07
-4.86339e-07
-4.86341e-07
-4.86344e-07
-4.86347e-07
-4.86349e-07
-4.86352e-07
-4.86355e-07
-4.86357e-07
-4.8636e-07
-4.86363e-07
-4.86365e-07
-4.86368e-07
-4.8637e-07
-4.86373e-07
-4.86376e-07
-4.86378e-07
-4.86381e-07
-4.86384e-07
-4.86386e-07
-4.86389e-07
-4.86392e-07
-4.86394e-07
-4.86397e-07
-4.864e-07
-4.86402e-07
-4.86405e-07
-4.86407e-07
-4.8641e-07
-4.86413e-07
-4.86415e-07
-4.86418e-07
-4.86421e-07
-4.86423e-07
-4.86426e-07
-4.86429e-07
-4.86431e-07
-4.86434e-07
-4.86436e-07
-4.86439e-07
-4.86442e-07
-4.86444e-07
-4.86447e-07
-4.8645e-07
-4.86452e-07
-4.86455e-07
-4.86458e-07
-4.8646e-07
-4.86463e-07
-4.86466e-07
-4.86468e-07
-4.86471e-07
-4.86473e-07
-4.86476e-07
-4.86479e-07
-4.86481e-07
-4.86484e-07
-4.86487e-07
-4.86489e-07
-4.86492e-07
-4.86495e-07
-4.86497e-07
-4.865e-07
-4.86503e-07
-4.86505e-07
-4.86508e-07
-4.8651e-07
-4.86513e-07
-4.86516e-07
-4.86518e-07
-4.86521e-07
-4.86524e-07
-4.86526e-07
-4.86529e-07
-4.86532e-07
-4.86534e-07
-4.86537e-07
-4.86539e-07
-4.86542e-07
-4.86545e-07
-4.86547e-07
-4.8655e-07
-4.86553e-07
-4.86555e-07
-4.86558e-07
-4.86561e-07
-4.86563e-07
-4.86566e-07
-4.86569e-07
-4.86571e-07
-4.86574e-07
-4.86576e-07
-4.86579e-07
-4.86582e-07
-4.86584e-07
-4.86587e-07
-4.8659e-07
-4.86592e-07
-4.86595e-07
-4.86598e-07
-4.866e-07
-4.86603e-07
-4.86605e-07
-4.86608e-07
-4.86611e-07
-4.86613e-07
-4.86616e-07
-4.86619e-07
-4.86621e-07
-4.86624e-07
-4.86627e-07
-4.86629e-07
-4.86632e-07
-4.86634e-07
-4.86637e-07
-4.8664e-07
-4.86642e-07
-4.86645e-07
-4.86648e-07
-4.8665e-07
-4.86653e-07

