0
-1.96195e-13
-3.92366e-13
-7.00357e-13
-1.1783e-12
-2.10792e-12
-3.03706e-12
-3.96572e-12
-6.21961e-12
-8.47073e-12
-1.23715e-11
-1.62649e-11
-2.50656e-11
-4.4616e-11
-6.39668e-11
-8.31208e-11
-1.0208e-10
-1.20845e-10
-1.39419e-10
-1.57803e-10
-1.75999e-10
-2.04674e-10
-2.32883e-10
-2.79896e-10
-3.25626e-10
-3.70113e-10
-4.13396e-10
-4.55513e-10
-5.22743e-10
-5.87031e-10
-6.48521e-10
-7.41255e-10
-8.27717e-10
-9.08381e-10
-9.83679e-10
-1.05401e-09
-1.11972e-09
-1.18117e-09
-1.27741e-09
-1.36338e-09
-1.44031e-09
-1.50928e-09
-1.57121e-09
-1.62691e-09
-1.67711e-09
-1.72242e-09
-1.7634e-09
-1.80053e-09
-1.83424e-09
-1.86491e-09
-1.89285e-09
-1.91837e-09
-1.94173e-09
-1.96315e-09
-1.98284e-09
-2.00096e-09
-2.01769e-09
-2.03316e-09
-2.04749e-09
-2.0608e-09
-2.07318e-09
-2.08471e-09
-2.09548e-09
-2.10556e-09
-2.115e-09
-2.12387e-09
-2.13221e-09
-2.14006e-09
-2.14747e-09
-2.15446e-09
-2.16108e-09
-2.16735e-09
-2.17329e-09
-2.17893e-09
-2.1843e-09
-2.1894e-09
-2.19064e-09
-2.19186e-09
-2.19307e-09
-2.19426e-09
-2.19544e-09
-2.1966e-09
-2.19776e-09
-2.19889e-09
-2.20002e-09
-2.20113e-09
-2.20223e-09
-2.20331e-09
-2.20439e-09
-2.20545e-09
-2.2065e-09
-2.20753e-09
-2.20856e-09
-2.20957e-09
-2.21057e-09
-2.21156e-09
-2.21254e-09
-2.21351e-09
-2.21447e-09
-2.21542e-09
-2.21635e-09
-2.21728e-09
-2.2182e-09
-2.2191e-09
-2.22e-09
-2.22089e-09
-2.22177e-09
-2.22263e-09
-2.22349e-09
-2.22434e-09
-2.22518e-09
-2.22601e-09
-2.22684e-09
-2.22765e-09
-2.22845e-09
-2.22925e-09
-2.23004e-09
-2.23082e-09
-2.23159e-09
-2.23235e-09
-2.23311e-09
-2.23386e-09
-2.2346e-09
-2.23533e-09
-2.23606e-09
-2.23677e-09
-2.23748e-09
-2.23819e-09
-2.23888e-09
-2.23957e-09
-2.24025e-09
-2.24093e-09
-2.2416e-09
-2.24226e-09
-2.24291e-09
-2.24356e-09
-2.2442e-09
-2.24484e-09
-2.24546e-09
-2.24609e-09
-2.2467e-09
-2.24731e-09
-2.24792e-09
-2.24851e-09
-2.24911e-09
-2.24969e-09
-2.25027e-09
-2.25113e-09
-2.25199e-09
-2.25282e-09
-2.25365e-09
-2.25446e-09
-2.25526e-09
-2.25605e-09
-2.25683e-09
-2.2576e-09
-2.25835e-09
-2.2591e-09
-2.25983e-09
-2.26098e-09
-2.26209e-09
-2.26319e-09
-2.26493e-09
-2.26661e-09
-2.26823e-09
-2.26979e-09
-2.2713e-09
-2.27275e-09
-2.27415e-09
-2.2755e-09
-2.27681e-09
-2.27807e-09
-2.27929e-09
-2.28046e-09
-2.2816e-09
-2.2827e-09
-2.28377e-09
-2.2848e-09
-2.2858e-09
-2.28605e-09
-2.28618e-09
-2.28631e-09
-2.28644e-09
-2.28656e-09
-2.28678e-09
-2.287e-09
-2.28737e-09
-2.28804e-09
-2.2887e-09
-2.28934e-09
-2.28997e-09
-2.29059e-09
-2.29119e-09
-2.29178e-09
-2.29236e-09
-2.29293e-09
-2.29349e-09
-2.29403e-09
-2.29457e-09
-2.2951e-09
-2.29562e-09
-2.29613e-09
-2.29663e-09
-2.29712e-09
-2.2976e-09
-2.29808e-09
-2.29855e-09
-2.29901e-09
-2.29947e-09
-2.29992e-09
-2.30036e-09
-2.3008e-09
-2.30123e-09
-2.30166e-09
-2.30208e-09
-2.3025e-09
-2.30291e-09
-2.30332e-09
-2.30372e-09
-2.30412e-09
-2.30451e-09
-2.3049e-09
-2.30529e-09
-2.30567e-09
-2.30605e-09
-2.30643e-09
-2.3068e-09
-2.30718e-09
-2.30755e-09
-2.30791e-09
-2.30828e-09
-2.30864e-09
-2.309e-09
-2.30935e-09
-2.30971e-09
-2.31006e-09
-2.31042e-09
-2.31077e-09
-2.31111e-09
-2.31146e-09
-2.31181e-09
-2.31215e-09
-2.3125e-09
-2.31284e-09
-2.31318e-09
-2.31352e-09
-2.31386e-09
-2.3142e-09
-2.31453e-09
-2.31487e-09
-2.31521e-09
-2.31554e-09
-2.31588e-09
-2.31621e-09
-2.31655e-09
-2.31688e-09
-2.31721e-09
-2.31755e-09
-2.31788e-09
-2.31821e-09
-2.31854e-09
-2.31887e-09
-2.3192e-09
-2.31953e-09
-2.31986e-09
-2.32019e-09
-2.32052e-09
-2.32085e-09
-2.32118e-09
-2.32151e-09
-2.32184e-09
-2.32217e-09
-2.3225e-09
-2.32283e-09
-2.32316e-09
-2.32349e-09
-2.32382e-09
-2.32415e-09
-2.32448e-09
-2.32481e-09
-2.32514e-09
-2.32546e-09
-2.32579e-09
-2.32612e-09
-2.32645e-09
-2.32678e-09
-2.32711e-09
-2.32744e-09
-2.32777e-09
-2.32809e-09
-2.32842e-09
-2.32875e-09
-2.32908e-09
-2.32941e-09
-2.32974e-09
-2.33006e-09
-2.33039e-09
-2.33072e-09
-2.33105e-09
-2.33138e-09
-2.3317e-09
-2.33203e-09
-2.33236e-09
-2.33268e-09
-2.33301e-09
-2.33334e-09
-2.33366e-09
-2.33399e-09
-2.33432e-09
-2.33464e-09
-2.33497e-09
-2.33529e-09
-2.33562e-09
-2.33594e-09
-2.33627e-09
-2.33659e-09
-2.33692e-09
-2.33724e-09
-2.33756e-09
-2.33789e-09
-2.33821e-09
-2.33853e-09
-2.33886e-09
-2.33918e-09
-2.3395e-09
-2.33982e-09
-2.34014e-09
-2.34046e-09
-2.34078e-09
-2.3411e-09
-2.34142e-09
-2.34174e-09
-2.34206e-09
-2.34237e-09
-2.34269e-09
-2.34301e-09
-2.34332e-09
-2.34364e-09
-2.34396e-09
-2.34427e-09
-2.34458e-09
-2.3449e-09
-2.34521e-09
-2.34552e-09
-2.34584e-09
-2.34615e-09
-2.34646e-09
-2.34677e-09
-2.34708e-09
-2.34739e-09
-2.3477e-09
-2.348e-09
-2.34831e-09
-2.34862e-09
-2.34892e-09
-2.34923e-09
-2.34953e-09
-2.34984e-09
-2.35014e-09
-2.35044e-09
-2.35075e-09
-2.35105e-09
-2.35135e-09
-2.35165e-09
-2.35195e-09
-2.35225e-09
-2.35254e-09
-2.35284e-09
-2.35314e-09
-2.35343e-09
-2.35373e-09
-2.35402e-09
-2.35432e-09
-2.35461e-09
-2.3549e-09
-2.35519e-09
-2.35548e-09
-2.35577e-09
-2.35606e-09
-2.35635e-09
-2.35664e-09
-2.35693e-09
-2.35721e-09
-2.3575e-09
-2.35778e-09
-2.35807e-09
-2.35835e-09
-2.35863e-09
-2.35891e-09
-2.35919e-09
-2.35947e-09
-2.35975e-09
-2.36003e-09
-2.36031e-09
-2.36059e-09
-2.36086e-09
-2.36114e-09
-2.36141e-09
-2.36148e-09
-2.36155e-09
-2.36162e-09
-2.36173e-09
-2.36185e-09
-2.36196e-09
-2.36223e-09
-2.3625e-09
-2.36277e-09
-2.36304e-09
-2.36331e-09
-2.36357e-09
-2.36384e-09
-2.3641e-09
-2.36437e-09
-2.36463e-09
-2.36489e-09
-2.36515e-09
-2.36541e-09
-2.36567e-09
-2.36593e-09
-2.36619e-09
-2.36645e-09
-2.3667e-09
-2.36696e-09
-2.36721e-09
-2.36747e-09
-2.36772e-09
-2.36798e-09
-2.36823e-09
-2.36848e-09
-2.36873e-09
-2.36898e-09
-2.36923e-09
-2.36948e-09
-2.36972e-09
-2.36997e-09
-2.37021e-09
-2.37046e-09
-2.3707e-09
-2.37095e-09
-2.37119e-09
-2.37143e-09
-2.37167e-09
-2.37191e-09
-2.37215e-09
-2.37239e-09
-2.37263e-09
-2.37287e-09
-2.3731e-09
-2.37334e-09
-2.37357e-09
-2.37381e-09
-2.37404e-09
-2.37427e-09
-2.3745e-09
-2.37473e-09
-2.37496e-09
-2.37519e-09
-2.37542e-09
-2.37565e-09
-2.37588e-09
-2.3761e-09
-2.37633e-09
-2.37656e-09
-2.37678e-09
-2.377e-09
-2.37723e-09
-2.37745e-09
-2.37767e-09
-2.37789e-09
-2.37811e-09
-2.37833e-09
-2.37855e-09
-2.37877e-09
-2.37898e-09
-2.3792e-09
-2.37941e-09
-2.37963e-09
-2.37984e-09
-2.38006e-09
-2.38027e-09
-2.38048e-09
-2.38069e-09
-2.3809e-09
-2.38111e-09
-2.38132e-09
-2.38153e-09
-2.38174e-09
-2.38195e-09
-2.38215e-09
-2.38236e-09
-2.38256e-09
-2.38277e-09
-2.38297e-09
-2.38318e-09
-2.38338e-09
-2.38358e-09
-2.38378e-09
-2.38398e-09
-2.38418e-09
-2.38438e-09
-2.38458e-09
-2.38478e-09
-2.38497e-09
-2.38517e-09
-2.38537e-09
-2.38556e-09
-2.38576e-09
-2.38595e-09
-2.38614e-09
-2.38634e-09
-2.38653e-09
-2.38672e-09
-2.38691e-09
-2.3871e-09
-2.38729e-09
-2.38748e-09
-2.38767e-09
-2.38785e-09
-2.38804e-09
-2.38823e-09
-2.38841e-09
-2.3886e-09
-2.38878e-09
-2.38897e-09
-2.38915e-09
-2.38933e-09
-2.38951e-09
-2.3897e-09
-2.38988e-09
-2.39006e-09
-2.39024e-09
-2.39042e-09
-2.39059e-09
-2.39077e-09
-2.39095e-09
-2.39113e-09
-2.3913e-09
-2.39148e-09
-2.39165e-09
-2.39183e-09
-2.392e-09
-2.39217e-09
-2.39235e-09
-2.39252e-09
-2.39269e-09
-2.39286e-09
-2.39303e-09
-2.3932e-09
-2.39337e-09
-2.39354e-09
-2.39371e-09
-2.39388e-09
-2.39404e-09
-2.39421e-09
-2.39437e-09
-2.39454e-09
-2.39471e-09
-2.39487e-09
-2.39503e-09
-2.3952e-09
-2.39536e-09
-2.39552e-09
-2.39568e-09
-2.39584e-09
-2.396e-09
-2.39616e-09
-2.39632e-09
-2.39648e-09
-2.39664e-09
-2.3968e-09
-2.39696e-09
-2.39711e-09
-2.39727e-09
-2.39743e-09
-2.39758e-09
-2.39774e-09
-2.39789e-09
-2.39804e-09
-2.3982e-09
-2.39835e-09
-2.3985e-09
-2.39865e-09
-2.39881e-09
-2.39896e-09
-2.39911e-09
-2.39926e-09
-2.39941e-09
-2.39956e-09
-2.3997e-09
-2.39985e-09
-2.4e-09
-2.40015e-09
-2.40029e-09
-2.40044e-09
-2.40058e-09
-2.40073e-09
-2.40087e-09
-2.40102e-09
-2.40116e-09
-2.4013e-09
-2.40145e-09
-2.40159e-09
-2.40173e-09
-2.40187e-09
-2.40201e-09
-2.40215e-09
-2.40229e-09
-2.40243e-09
-2.40257e-09
-2.40271e-09
-2.40285e-09
-2.40299e-09
-2.40312e-09
-2.40326e-09
-2.4034e-09
-2.40353e-09
-2.40367e-09
-2.4038e-09
-2.40394e-09
-2.40407e-09
-2.4042e-09
-2.40434e-09
-2.40447e-09
-2.4046e-09
-2.40473e-09
-2.40486e-09
-2.405e-09
-2.40513e-09
-2.40526e-09
-2.40539e-09
-2.40552e-09
-2.40564e-09
-2.40577e-09
-2.4059e-09
-2.40603e-09
-2.40616e-09
-2.40628e-09
-2.40641e-09
-2.40653e-09
-2.40666e-09
-2.40678e-09
-2.40691e-09
-2.40703e-09
-2.40716e-09
-2.40728e-09
-2.4074e-09
-2.40753e-09
-2.40765e-09
-2.40777e-09
-2.40789e-09
-2.40801e-09
-2.40813e-09
-2.40825e-09
-2.40837e-09
-2.40849e-09
-2.40861e-09
-2.40873e-09
-2.40885e-09
-2.40897e-09
-2.40908e-09
-2.4092e-09
-2.40932e-09
-2.40944e-09
-2.40955e-09
-2.40967e-09
-2.40978e-09
-2.4099e-09
-2.41001e-09
-2.41013e-09
-2.41024e-09
-2.41035e-09
-2.41047e-09
-2.41058e-09
-2.41069e-09
-2.4108e-09
-2.41091e-09
-2.41102e-09
-2.41114e-09
-2.41125e-09
-2.41136e-09
-2.41147e-09
-2.41158e-09
-2.41168e-09
-2.41179e-09
-2.4119e-09
-2.41201e-09
-2.41212e-09
-2.41222e-09
-2.41233e-09
-2.41244e-09
-2.41254e-09
-2.41265e-09
-2.41275e-09
-2.41286e-09
-2.41296e-09
-2.41307e-09
-2.41317e-09
-2.41328e-09
-2.41338e-09
-2.41348e-09
-2.41359e-09
-2.41369e-09
-2.41379e-09
-2.41389e-09
-2.41399e-09
-2.41409e-09
-2.41419e-09
-2.41429e-09
-2.4144e-09
-2.41449e-09
-2.41459e-09
-2.41469e-09
-2.41479e-09
-2.41489e-09
-2.41499e-09
-2.41509e-09
-2.41518e-09
-2.41528e-09
-2.41538e-09
-2.41547e-09
-2.41557e-09
-2.41567e-09
-2.41576e-09
-2.41586e-09
-2.41595e-09
-2.41605e-09
-2.41614e-09
-2.41623e-09
-2.41633e-09
-2.41642e-09
-2.41651e-09
-2.41661e-09
-2.4167e-09
-2.41679e-09
-2.41688e-09
-2.41698e-09
-2.41707e-09
-2.41716e-09
-2.41725e-09
-2.41734e-09
-2.41743e-09
-2.41752e-09
-2.41761e-09
-2.4177e-09
-2.41779e-09
-2.41787e-09
-2.41796e-09
-2.41805e-09
-2.41814e-09
-2.41823e-09
-2.41831e-09
-2.4184e-09
-2.41849e-09
-2.41857e-09
-2.41866e-09
-2.41874e-09
-2.41883e-09
-2.41891e-09
-2.419e-09
-2.41908e-09
-2.41917e-09
-2.41925e-09
-2.41934e-09
-2.41942e-09
-2.4195e-09
-2.41958e-09
-2.41967e-09
-2.41975e-09
-2.41983e-09
-2.41991e-09
-2.42e-09
-2.42008e-09
-2.42016e-09
-2.42024e-09
-2.42032e-09
-2.4204e-09
-2.42048e-09
-2.42056e-09
-2.42064e-09
-2.42072e-09
-2.4208e-09
-2.42087e-09
-2.42095e-09
-2.42103e-09
-2.42111e-09
-2.42119e-09
-2.42126e-09
-2.42134e-09
-2.42142e-09
-2.42149e-09
-2.42157e-09
-2.42165e-09
-2.42172e-09
-2.4218e-09
-2.42187e-09
-2.42195e-09
-2.42202e-09
-2.4221e-09
-2.42217e-09
-2.42225e-09
-2.42232e-09
-2.42239e-09
-2.42247e-09
-2.42254e-09
-2.42261e-09
-2.42268e-09
-2.42271e-09
-2.42271e-09
-2.42269e-09
-2.42261e-09
-2.42233e-09
-2.42172e-09
-2.42083e-09
-2.41996e-09
-2.41846e-09
-2.41616e-09
-2.41232e-09
-2.40883e-09
-2.40564e-09
-2.40268e-09
-2.39801e-09
-2.39381e-09
-2.39e-09
-2.38415e-09
-2.37903e-09
-2.37082e-09
-2.36394e-09
-2.35795e-09
-2.35263e-09
-2.34785e-09
-2.34065e-09
-2.33437e-09
-2.32877e-09
-2.32088e-09
-2.31401e-09
-2.30475e-09
-2.29254e-09
-2.28277e-09
-2.27491e-09
-2.26845e-09
-2.26262e-09
-2.25771e-09
-2.25362e-09
-2.25034e-09
-2.24718e-09
-2.24473e-09
-2.24261e-09
-2.2414e-09
-2.23975e-09
-2.2392e-09
-2.23785e-09
-2.2386e-09
-2.23927e-09
-2.23898e-09
-2.2388e-09
-2.23869e-09
-2.23928e-09
-2.2396e-09
-2.24079e-09
-2.24208e-09
-2.24328e-09
-2.2436e-09
-2.24485e-09
-2.24662e-09
-2.24775e-09
-2.2491e-09
-2.25021e-09
-2.25243e-09
-2.25469e-09
-2.25614e-09
-2.25825e-09
-2.26093e-09
-2.26317e-09
-2.26558e-09
-2.26834e-09
-2.27141e-09
-2.27399e-09
-2.27715e-09
-2.28096e-09
-2.28442e-09
-2.28794e-09
-2.29164e-09
-2.29673e-09
-2.30183e-09
-2.30621e-09
-2.31146e-09
-2.31814e-09
-2.32482e-09
-2.33213e-09
-2.33941e-09
-2.34719e-09
-2.35616e-09
-2.36565e-09
-2.37505e-09
-2.38529e-09
-2.39708e-09
-2.40951e-09
-2.42182e-09
-2.43487e-09
-2.4495e-09
-2.46441e-09
-2.46799e-09
-2.47161e-09
-2.47525e-09
-2.47888e-09
-2.48252e-09
-2.48959e-09
-2.49602e-09
-2.50174e-09
-2.50572e-09
-2.50529e-09
-2.50408e-09
-2.50212e-09
-2.49701e-09
-2.49521e-09
-2.49313e-09
-2.48757e-09
-2.47979e-09
-2.46859e-09
-2.45198e-09
-2.44305e-09
-2.43243e-09
-2.4198e-09
-2.40494e-09
-2.38774e-09
-2.36824e-09
-2.34666e-09
-2.32331e-09
-2.29857e-09
-2.27282e-09
-2.24637e-09
-2.21947e-09
-2.1923e-09
-2.15117e-09
-2.10995e-09
-2.0455e-09
-1.98096e-09
-1.91611e-09
-1.85059e-09
-1.78382e-09
-1.71485e-09
-1.64193e-09
-1.56233e-09
-1.47191e-09
-1.36482e-09
-1.15061e-09
-9.74025e-10
-7.81019e-10
-6.06627e-10
-5.1915e-10
-4.43353e-10
-3.77134e-10
-3.19791e-10
-2.70479e-10
-2.26875e-10
-1.86699e-10
-1.48912e-10
-1.13109e-10
-7.91142e-11
-4.64922e-11
-1.47262e-11
3.42492e-11
8.30138e-11
1.31892e-10
1.80428e-10
2.28151e-10
2.74586e-10
3.19231e-10
3.61259e-10
3.99649e-10
4.33118e-10
4.60543e-10
4.81038e-10
4.94105e-10
4.99678e-10
4.97985e-10
4.89308e-10
4.79886e-10
4.67697e-10
4.52884e-10
4.3558e-10
4.15894e-10
3.93895e-10
3.69601e-10
3.43003e-10
3.14105e-10
2.82945e-10
2.49606e-10
2.1421e-10
1.76907e-10
1.37868e-10
9.72837e-11
5.53446e-11
1.22372e-11
-3.18633e-11
-7.6793e-11
-1.224e-10
-1.68544e-10
-2.15098e-10
-2.6195e-10
-3.08994e-10
-3.56139e-10
-4.03299e-10
-4.50397e-10
-4.97363e-10
-5.44132e-10
-5.90649e-10
-6.36859e-10
-6.82712e-10
-7.28164e-10
-7.73175e-10
-8.17711e-10
-8.61742e-10
-9.05241e-10
-9.48189e-10
-9.9057e-10
-1.03237e-09
-1.07359e-09
-1.11422e-09
-1.15427e-09
-1.19374e-09
-1.23265e-09
-1.271e-09
-1.30882e-09
-1.34612e-09
-1.38292e-09
-1.41926e-09
-1.45515e-09
-1.49063e-09
-1.52571e-09
-1.56043e-09
-1.59482e-09
-1.62891e-09
-1.66273e-09
-1.6963e-09
-1.72967e-09
-1.76286e-09
-1.79589e-09
-1.82878e-09
-1.86156e-09
-1.89424e-09
-1.92683e-09
-1.95934e-09
-1.99176e-09
-2.0241e-09
-2.05636e-09
-2.08851e-09
-2.12055e-09
-2.15246e-09
-2.18424e-09
-2.21586e-09
-2.24731e-09
-2.27856e-09
-2.30961e-09
-2.34043e-09
-2.371e-09
-2.4013e-09
-2.43132e-09
-2.46104e-09
-2.49044e-09
-2.51951e-09
-2.54823e-09
-2.57659e-09
-2.60457e-09
-2.63217e-09
-2.65936e-09
-2.68614e-09
-2.71249e-09
-2.73842e-09
-2.76391e-09
-2.78896e-09
-2.81357e-09
-2.83773e-09
-2.86146e-09
-2.88477e-09
-2.90765e-09
-2.93013e-09
-2.95221e-09
-2.97391e-09
-2.99523e-09
-3.01618e-09
-3.03678e-09
-3.05703e-09
-3.07694e-09
-3.09651e-09
-3.11576e-09
-3.1347e-09
-3.15332e-09
-3.17164e-09
-3.18967e-09
-3.20742e-09
-3.22488e-09
-3.24207e-09
-3.259e-09
-3.27567e-09
-3.29209e-09
-3.30827e-09
-3.32422e-09
-3.33994e-09
-3.35544e-09
-3.37072e-09
-3.3858e-09
-3.40069e-09
-3.41538e-09
-3.42988e-09
-3.44421e-09
-3.45837e-09
-3.47236e-09
-3.4862e-09
-3.49988e-09
-3.51342e-09
-3.52682e-09
-3.54008e-09
-3.55321e-09
-3.56622e-09
-3.57912e-09
-3.5919e-09
-3.60457e-09
-3.61714e-09
-3.62962e-09
-3.642e-09
-3.65429e-09
-3.66649e-09
-3.67862e-09
-3.69067e-09
-3.70265e-09
-3.71456e-09
-3.72641e-09
-3.73819e-09
-3.74992e-09
-3.7616e-09
-3.77322e-09
-3.7848e-09
-3.79633e-09
-3.80782e-09
-3.81927e-09
-3.83069e-09
-3.84207e-09
-3.85342e-09
-3.86474e-09
-3.87604e-09
-3.88731e-09
-3.89856e-09
-3.9098e-09
-3.92101e-09
-3.93222e-09
-3.94341e-09
-3.95458e-09
-3.96575e-09
-3.97692e-09
-3.98808e-09
-3.99923e-09
-4.01038e-09
-4.02154e-09
-4.0327e-09
-4.04386e-09
-4.05502e-09
-4.06619e-09
-4.07738e-09
-4.08857e-09
-4.09977e-09
-4.11099e-09
-4.12222e-09
-4.13347e-09
-4.14473e-09
-4.15602e-09
-4.16732e-09
-4.17864e-09
-4.18999e-09
-4.20136e-09
-4.21276e-09
-4.22418e-09
-4.23563e-09
-4.2471e-09
-4.25861e-09
-4.27014e-09
-4.28171e-09
-4.2933e-09
-4.30493e-09
-4.3166e-09
-4.32829e-09
-4.34003e-09
-4.3518e-09
-4.3636e-09
-4.37544e-09
-4.38732e-09
-4.39924e-09
-4.40749e-09
-4.41576e-09
-4.42405e-09
-4.43235e-09
-4.44068e-09
-4.44902e-09
-4.45739e-09
-4.46577e-09
-4.47418e-09
-4.4826e-09
-4.49105e-09
-4.49952e-09
-4.50801e-09
-4.51651e-09
-4.52504e-09
-4.5336e-09
-4.54217e-09
-4.55076e-09
-4.55938e-09
-4.56802e-09
-4.57668e-09
-4.58536e-09
-4.59406e-09
-4.60278e-09
-4.61153e-09
-4.6203e-09
-4.62909e-09
-4.63791e-09
-4.64675e-09
-4.65561e-09
-4.66449e-09
-4.67339e-09
-4.68232e-09
-4.69127e-09
-4.70025e-09
-4.70924e-09
-4.71826e-09
-4.7273e-09
-4.73637e-09
-4.74546e-09
-4.75457e-09
-4.7637e-09
-4.77286e-09
-4.78204e-09
-4.79125e-09
-4.80048e-09
-4.80973e-09
-4.819e-09
-4.8283e-09
-4.83762e-09
-4.84696e-09
-4.85633e-09
-4.86572e-09
-4.87513e-09
-4.88457e-09
-4.89403e-09
-4.90351e-09
-4.91302e-09
-4.92255e-09
-4.9321e-09
-4.94168e-09
-4.95128e-09
-4.9609e-09
-4.97055e-09
-4.98022e-09
-4.98991e-09
-4.99962e-09
-5.00936e-09
-5.01912e-09
-5.0289e-09
-5.03871e-09
-5.04854e-09
-5.05839e-09
-5.06826e-09
-5.07816e-09
-5.08808e-09
-5.09802e-09
-5.10799e-09
-5.11798e-09
-5.12798e-09
-5.13802e-09
-5.14807e-09
-5.15815e-09
-5.16824e-09
-5.17836e-09
-5.18851e-09
-5.19867e-09
-5.20886e-09
-5.21907e-09
-5.22929e-09
-5.23955e-09
-5.24982e-09
-5.26011e-09
-5.27043e-09
-5.28076e-09
-5.29112e-09
-5.3015e-09
-5.3119e-09
-5.32232e-09
-5.33276e-09
-5.34323e-09
-5.35371e-09
-5.36421e-09
-5.37474e-09
-5.38528e-09
-5.39585e-09
-5.40643e-09
-5.41704e-09
-5.42766e-09
-5.43831e-09
-5.44897e-09
-5.45966e-09
-5.47036e-09
-5.48109e-09
-5.49183e-09
-5.5026e-09
-5.51338e-09
-5.52418e-09
-5.535e-09
-5.54584e-09
-5.5567e-09
-5.56758e-09
-5.57847e-09
-5.58939e-09
-5.60032e-09
-5.61127e-09
-5.62224e-09
-5.63323e-09
-5.64424e-09
-5.65526e-09
-5.6663e-09
-5.67736e-09
-5.68844e-09
-5.69953e-09
-5.71065e-09
-5.72178e-09
-5.73292e-09
-5.74409e-09
-5.75527e-09
-5.76647e-09
-5.77768e-09
-5.78891e-09
-5.80016e-09
-5.81143e-09
-5.82271e-09
-5.83401e-09
-5.84532e-09
-5.85665e-09
-5.868e-09
-5.87936e-09
-5.89074e-09
-5.90213e-09
-5.91354e-09
-5.92496e-09
-5.9364e-09
-5.94786e-09
-5.95933e-09
-5.97081e-09
-5.98231e-09
-5.99383e-09
-6.00536e-09
-6.0169e-09
-6.02846e-09
-6.04003e-09
-6.05162e-09
-6.06323e-09
-6.07484e-09
-6.08647e-09
-6.09812e-09
-6.10977e-09
-6.12145e-09
-6.13313e-09
-6.14483e-09
-6.15654e-09
-6.16827e-09
-6.18001e-09
-6.19176e-09
-6.20353e-09
-6.21531e-09
-6.2271e-09
-6.2389e-09
-6.25072e-09
-6.26255e-09
-6.27439e-09
-6.28625e-09
-6.29811e-09
-6.30999e-09
-6.32188e-09
-6.33379e-09
-6.3457e-09
-6.35763e-09
-6.36957e-09
-6.38152e-09
-6.39348e-09
-6.40545e-09
-6.41744e-09
-6.42944e-09
-6.44144e-09
-6.45346e-09
-6.46549e-09
-6.47753e-09
-6.48958e-09
-6.50164e-09
-6.51372e-09
-6.5258e-09
-6.53789e-09
-6.55e-09
-6.56211e-09
-6.57424e-09
-6.58637e-09
-6.59852e-09
-6.61067e-09
-6.62284e-09
-6.63501e-09
-6.6472e-09
-6.65939e-09
-6.6716e-09
-6.68381e-09
-6.69603e-09
-6.70827e-09
-6.72051e-09
-6.73276e-09
-6.74502e-09
-6.75729e-09
-6.76956e-09
-6.78185e-09
-6.79415e-09
-6.80645e-09
-6.81876e-09
-6.83108e-09
-6.84341e-09
-6.86196e-09
-6.88052e-09
-6.8991e-09
-6.9177e-09
-6.93632e-09
-6.95496e-09
-6.97361e-09
-6.99228e-09
-7.01097e-09
-7.02967e-09
-7.04839e-09
-7.06713e-09
-7.08588e-09
-7.10465e-09
-7.12343e-09
-7.14223e-09
-7.16104e-09
-7.17987e-09
-7.19871e-09
-7.21757e-09
-7.23644e-09
-7.25533e-09
-7.27423e-09
-7.29314e-09
-7.31206e-09
-7.331e-09
-7.34995e-09
-7.36892e-09
-7.38789e-09
-7.40688e-09
-7.42588e-09
-7.44489e-09
-7.46392e-09
-7.48295e-09
-7.502e-09
-7.52105e-09
-7.54012e-09
-7.5592e-09
-7.57829e-09
-7.59739e-09
-7.62704e-09
-7.65671e-09
-7.68641e-09
-7.71613e-09
-7.74587e-09
-7.77563e-09
-7.80541e-09
-7.83521e-09
-7.86503e-09
-7.89487e-09
-7.92472e-09
-7.95459e-09
-7.98448e-09
-8.01438e-09
-8.04429e-09
-8.07422e-09
-8.10417e-09
-8.13412e-09
-8.16409e-09
-8.19407e-09
-8.22406e-09
-8.25407e-09
-8.28408e-09
-8.3141e-09
-8.34413e-09
-8.37417e-09
-8.40422e-09
-8.43427e-09
-8.46434e-09
-8.4944e-09
-8.52448e-09
-8.55456e-09
-8.58464e-09
-8.61473e-09
-8.64483e-09
-8.67493e-09
-8.70503e-09
-8.73513e-09
-8.76524e-09
-8.81056e-09
-8.85589e-09
-8.90123e-09
-8.97344e-09
-9.04565e-09
-9.11785e-09
-9.19004e-09
-9.26221e-09
-9.33435e-09
-9.40645e-09
-9.47853e-09
-9.55057e-09
-9.62256e-09
-9.69451e-09
-9.7664e-09
-9.83825e-09
-9.91003e-09
-9.98175e-09
-1.00534e-08
-1.0125e-08
-1.01965e-08
-1.02679e-08
-1.03773e-08
-1.04866e-08
-1.05956e-08
-1.07043e-08
-1.08129e-08
-1.09212e-08
-1.10293e-08
-1.11372e-08
-1.12447e-08
-1.13521e-08
-1.14591e-08
-1.15659e-08
-1.17339e-08
-1.19012e-08
-1.20677e-08
-1.22334e-08
-1.23984e-08
-1.25625e-08
-1.27259e-08
-1.28883e-08
-1.31681e-08
-1.34452e-08
-1.37195e-08
-1.39911e-08
-1.42599e-08
-1.45259e-08
-1.4789e-08
-1.50492e-08
-1.53065e-08
-1.55608e-08
-1.58122e-08
-1.60607e-08
-1.63063e-08
-1.65488e-08
-1.67885e-08
-1.70252e-08
-1.7259e-08
-1.74899e-08
-1.77179e-08
-1.79431e-08
-1.82891e-08
-1.86282e-08
-1.89606e-08
-1.92862e-08
-1.96053e-08
-1.99176e-08
-2.0224e-08
-2.05232e-08
-2.08182e-08
-2.11073e-08
-2.13877e-08
-2.16627e-08
-2.19297e-08
-2.21975e-08
-2.23923e-08
-2.2578e-08
-2.2714e-08
-2.28511e-08
-2.29876e-08
-2.31202e-08
-2.32094e-08
-2.32728e-08
-2.33361e-08
-2.3399e-08
-2.34615e-08
-2.35235e-08
-2.35851e-08
-2.36466e-08
-2.37078e-08
-2.37688e-08
-2.38109e-08
-2.38527e-08
-2.38943e-08
-2.39358e-08
-2.39773e-08
-2.40185e-08
-2.40597e-08
-2.41007e-08
-2.41415e-08
-2.41821e-08
-2.42226e-08
-2.4263e-08
-2.43032e-08
-2.43328e-08
-2.43541e-08
-2.43754e-08
-2.43967e-08
-2.44179e-08
-2.44391e-08
-2.44603e-08
-2.44814e-08
-2.45024e-08
-2.45235e-08
-2.45445e-08
-2.45654e-08
-2.45863e-08
-2.46071e-08
-2.4628e-08
-2.46487e-08
-2.46695e-08
-2.46902e-08
-2.47108e-08
-2.47314e-08
-2.4752e-08
-2.47726e-08
-2.4793e-08
-2.48135e-08
-2.48339e-08
-2.48543e-08
-2.48746e-08
-2.48949e-08
-2.49152e-08
-2.49354e-08
-2.49695e-08
-2.50034e-08
-2.50373e-08
-2.50711e-08
-2.51047e-08
-2.51831e-08
-2.52609e-08
-2.53382e-08
-2.54148e-08
-2.55511e-08
-2.56856e-08
-2.59091e-08
-2.61276e-08
-2.63413e-08
-2.65503e-08
-2.67547e-08
-2.69548e-08
-2.71507e-08
-2.73425e-08
-2.75304e-08
-2.77145e-08
-2.78949e-08
-2.80719e-08
-2.82455e-08
-2.84157e-08
-2.8583e-08
-2.8747e-08
-2.89082e-08
-2.90669e-08
-2.92227e-08
-2.9376e-08
-2.95269e-08
-2.96756e-08
-2.9822e-08
-2.99663e-08
-3.01086e-08
-3.0249e-08
-3.03875e-08
-3.05242e-08
-3.06594e-08
-3.07929e-08
-3.09249e-08
-3.10555e-08
-3.11845e-08
-3.13123e-08
-3.1439e-08
-3.15644e-08
-3.16888e-08
-3.18121e-08
-3.19346e-08
-3.2056e-08
-3.21766e-08
-3.22963e-08
-3.24154e-08
-3.25336e-08
-3.26511e-08
-3.27679e-08
-3.28841e-08
-3.29998e-08
-3.31148e-08
-3.32294e-08
-3.33434e-08
-3.34569e-08
-3.357e-08
-3.36826e-08
-3.37949e-08
-3.39067e-08
-3.40181e-08
-3.41291e-08
-3.42398e-08
-3.43501e-08
-3.44601e-08
-3.45697e-08
-3.4679e-08
-3.47879e-08
-3.48965e-08
-3.50048e-08
-3.51127e-08
-3.52203e-08
-3.53275e-08
-3.54344e-08
-3.5541e-08
-3.56471e-08
-3.5753e-08
-3.58584e-08
-3.59634e-08
-3.60681e-08
-3.61723e-08
-3.62761e-08
-3.63795e-08
-3.64825e-08
-3.6585e-08
-3.6687e-08
-3.67886e-08
-3.68896e-08
-3.69902e-08
-3.70902e-08
-3.71897e-08
-3.72886e-08
-3.7387e-08
-3.74848e-08
-3.7582e-08
-3.76785e-08
-3.77745e-08
-3.78698e-08
-3.79645e-08
-3.80584e-08
-3.81517e-08
-3.82444e-08
-3.83363e-08
-3.84274e-08
-3.85179e-08
-3.86076e-08
-3.86965e-08
-3.87846e-08
-3.8872e-08
-3.89586e-08
-3.90443e-08
-3.91293e-08
-3.92134e-08
-3.92966e-08
-3.93791e-08
-3.94606e-08
-3.95413e-08
-3.96212e-08
-3.97001e-08
-3.97781e-08
-3.98553e-08
-3.99315e-08
-4.00069e-08
-4.00813e-08
-4.01548e-08
-4.02274e-08
-4.02991e-08
-4.03698e-08
-4.04396e-08
-4.05084e-08
-4.05763e-08
-4.06433e-08
-4.07093e-08
-4.07743e-08
-4.08385e-08
-4.09016e-08
-4.09638e-08
-4.10251e-08
-4.10854e-08
-4.11448e-08
-4.12032e-08
-4.12607e-08
-4.13173e-08
-4.13729e-08
-4.14275e-08
-4.14812e-08
-4.1534e-08
-4.15859e-08
-4.16368e-08
-4.16868e-08
-4.17359e-08
-4.17841e-08
-4.18314e-08
-4.18777e-08
-4.19232e-08
-4.19678e-08
-4.20115e-08
-4.20543e-08
-4.20962e-08
-4.21372e-08
-4.21774e-08
-4.22167e-08
-4.22552e-08
-4.22928e-08
-4.23296e-08
-4.23655e-08
-4.24006e-08
-4.24349e-08
-4.24684e-08
-4.25011e-08
-4.2533e-08
-4.25641e-08
-4.25944e-08
-4.26239e-08
-4.26526e-08
-4.26806e-08
-4.27079e-08
-4.27344e-08
-4.27601e-08
-4.27851e-08
-4.28094e-08
-4.2833e-08
-4.28559e-08
-4.2878e-08
-4.28995e-08
-4.29203e-08
-4.29404e-08
-4.29599e-08
-4.29787e-08
-4.29968e-08
-4.30143e-08
-4.30311e-08
-4.30473e-08
-4.30629e-08
-4.30779e-08
-4.30923e-08
-4.3106e-08
-4.31192e-08
-4.31318e-08
-4.31438e-08
-4.31553e-08
-4.31661e-08
-4.31765e-08
-4.31862e-08
-4.31955e-08
-4.32042e-08
-4.32124e-08
-4.322e-08
-4.32271e-08
-4.32338e-08
-4.32399e-08
-4.32456e-08
-4.32507e-08
-4.32554e-08
-4.32596e-08
-4.32634e-08
-4.32666e-08
-4.32695e-08
-4.32719e-08
-4.32738e-08
-4.32753e-08
-4.32764e-08
-4.32771e-08
-4.32773e-08
-4.32772e-08
-4.32766e-08
-4.32756e-08
-4.32743e-08
-4.32725e-08
-4.32704e-08
-4.32679e-08
-4.32651e-08
-4.32619e-08
-4.32583e-08
-4.32543e-08
-4.32501e-08
-4.32454e-08
-4.32405e-08
-4.32352e-08
-4.32296e-08
-4.32236e-08
-4.32174e-08
-4.32108e-08
-4.32039e-08
-4.31968e-08
-4.31893e-08
-4.31815e-08
-4.31735e-08
-4.31651e-08
-4.31565e-08
-4.31476e-08
-4.31384e-08
-4.3129e-08
-4.31193e-08
-4.31093e-08
-4.30991e-08
-4.30886e-08
-4.30779e-08
-4.30669e-08
-4.30557e-08
-4.30443e-08
-4.30326e-08
-4.30207e-08
-4.30086e-08
-4.29962e-08
-4.29837e-08
-4.29709e-08
-4.29579e-08
-4.29447e-08
-4.29313e-08
-4.29176e-08
-4.29038e-08
-4.28898e-08
-4.28756e-08
-4.28612e-08
-4.28467e-08
-4.28319e-08
-4.2817e-08
-4.28018e-08
-4.27865e-08
-4.27711e-08
-4.27554e-08
-4.27396e-08
-4.27236e-08
-4.27075e-08
-4.26912e-08
-4.26747e-08
-4.26581e-08
-4.26414e-08
-4.26245e-08
-4.26074e-08
-4.25902e-08
-4.25728e-08
-4.25554e-08
-4.25377e-08
-4.252e-08
-4.25021e-08
-4.2484e-08
-4.24659e-08
-4.24476e-08
-4.24291e-08
-4.24106e-08
-4.23919e-08
-4.23731e-08
-4.23542e-08
-4.23352e-08
-4.2316e-08
-4.22968e-08
-4.22774e-08
-4.22579e-08
-4.22384e-08
-4.22187e-08
-4.21989e-08
-4.2179e-08
-4.21589e-08
-4.21388e-08
-4.21186e-08
-4.20983e-08
-4.20779e-08
-4.20574e-08
-4.20368e-08
-4.20162e-08
-4.19954e-08
-4.19745e-08
-4.19536e-08
-4.19325e-08
-4.19114e-08
-4.18902e-08
-4.18689e-08
-4.18475e-08
-4.18261e-08
-4.18046e-08
-4.1783e-08
-4.17613e-08
-4.17395e-08
-4.17177e-08
-4.16958e-08
-4.16738e-08
-4.16517e-08
-4.16296e-08
-4.16074e-08
-4.15852e-08
-4.15628e-08
-4.15404e-08
-4.1518e-08
-4.14954e-08
-4.14729e-08
-4.14502e-08
-4.14275e-08
-4.14047e-08
-4.13819e-08
-4.1359e-08
-4.13361e-08
-4.13131e-08
-4.129e-08
-4.12669e-08
-4.12437e-08
-4.12205e-08
-4.11972e-08
-4.11739e-08
-4.11505e-08
-4.11271e-08
-4.11036e-08
-4.10801e-08
-4.10565e-08
-4.10329e-08
-4.10092e-08
-4.09855e-08
-4.09617e-08
-4.09379e-08
-4.0914e-08
-4.08902e-08
-4.08662e-08
-4.08422e-08
-4.08182e-08
-4.07941e-08
-4.077e-08
-4.07459e-08
-4.07217e-08
-4.06975e-08
-4.06732e-08
-4.06489e-08
-4.06246e-08
-4.06002e-08
-4.05758e-08
-4.05514e-08
-4.05269e-08
-4.05024e-08
-4.04779e-08
-4.04533e-08
-4.04287e-08
-4.04041e-08
-4.03794e-08
-4.03547e-08
-4.033e-08
-4.03052e-08
-4.02804e-08
-4.02556e-08
-4.02307e-08
-4.02059e-08
-4.0181e-08
-4.0156e-08
-4.01311e-08
-4.01061e-08
-4.00811e-08
-4.00561e-08
-4.0031e-08
-4.00059e-08
-3.99808e-08
-3.99557e-08
-3.99306e-08
-3.99054e-08
-3.98802e-08
-3.9855e-08
-3.98298e-08
-3.98045e-08
-3.97792e-08
-3.97539e-08
-3.97286e-08
-3.97033e-08
-3.96779e-08
-3.96525e-08
-3.96272e-08
-3.96017e-08
-3.95763e-08
-3.95509e-08
-3.95254e-08
-3.94999e-08
-3.94745e-08
-3.94489e-08
-3.94234e-08
-3.93979e-08
-3.93723e-08
-3.93468e-08
-3.93212e-08
-3.92956e-08
-3.927e-08
-3.92444e-08
-3.92188e-08
-3.91931e-08
-3.91675e-08
-3.91418e-08
-3.91161e-08
-3.90904e-08
-3.90647e-08
-3.9039e-08
-3.90133e-08
-3.89876e-08
-3.89618e-08
-3.89361e-08
-3.89103e-08
-3.88846e-08
-3.88588e-08
-3.8833e-08
-3.88073e-08
-3.87815e-08
-3.87557e-08
-3.87299e-08
-3.8704e-08
-3.86782e-08
-3.86524e-08
-3.86266e-08
-3.86007e-08
-3.85749e-08
-3.85491e-08
-3.85232e-08
-3.84974e-08
-3.84715e-08
-3.84456e-08
-3.84198e-08
-3.83939e-08
-3.8368e-08
-3.83422e-08
-3.83163e-08
-3.82904e-08
-3.82645e-08
-3.82387e-08
-3.82128e-08
-3.81869e-08
-3.8161e-08
-3.81351e-08
-3.81093e-08
-3.80834e-08
-3.80575e-08
-3.80316e-08
-3.80057e-08
-3.79798e-08
-3.7954e-08
-3.79281e-08
-3.79022e-08
-3.78763e-08
-3.78505e-08
-3.78246e-08
-3.77987e-08
-3.77729e-08
-3.7747e-08
-3.77211e-08
-3.76953e-08
-3.76694e-08
-3.76436e-08
-3.76177e-08
-3.75919e-08
-3.7566e-08
-3.75402e-08
-3.75144e-08
-3.74886e-08
-3.74627e-08
-3.74369e-08
-3.74111e-08
-3.73853e-08
-3.73595e-08
-3.73337e-08
-3.73079e-08
-3.72822e-08
-3.72564e-08
-3.72306e-08
-3.72049e-08
-3.71791e-08
-3.71534e-08
-3.71276e-08
-3.71019e-08
-3.70762e-08
-3.70505e-08
-3.70248e-08
-3.69991e-08
-3.69734e-08
-3.69477e-08
-3.69221e-08
-3.68964e-08
-3.68708e-08
-3.68451e-08
-3.68195e-08
-3.67939e-08
-3.67683e-08
-3.67427e-08
-3.67171e-08
-3.66915e-08
-3.66659e-08
-3.66404e-08
-3.66148e-08
-3.65893e-08
-3.65637e-08
-3.65382e-08
-3.65127e-08
-3.64872e-08
-3.64618e-08
-3.64363e-08
-3.64108e-08
-3.63854e-08
-3.636e-08
-3.63346e-08
-3.63091e-08
-3.62838e-08
-3.62584e-08
-3.6233e-08
-3.62077e-08
-3.61823e-08
-3.6157e-08
-3.61317e-08
-3.61064e-08
-3.60811e-08
-3.60558e-08
-3.60306e-08
-3.60053e-08
-3.59801e-08
-3.59549e-08
-3.59297e-08
-3.59045e-08
-3.58793e-08
-3.58542e-08
-3.58291e-08
-3.58039e-08
-3.57788e-08
-3.57537e-08
-3.57287e-08
-3.57036e-08
-3.56785e-08
-3.56535e-08
-3.56285e-08
-3.56035e-08
-3.55785e-08
-3.55536e-08
-3.55286e-08
-3.55037e-08
-3.54788e-08
-3.54539e-08
-3.5429e-08
-3.54041e-08
-3.53793e-08
-3.53545e-08
-3.53296e-08
-3.53048e-08
-3.52801e-08
-3.52553e-08
-3.52306e-08
-3.52058e-08
-3.51811e-08
-3.51565e-08
-3.51318e-08
-3.51071e-08
-3.50825e-08
-3.50579e-08
-3.50333e-08
-3.50087e-08
-3.49842e-08
-3.49596e-08
-3.49351e-08
-3.49106e-08
-3.48861e-08
-3.48616e-08
-3.48372e-08
-3.48128e-08
-3.47884e-08
-3.4764e-08
-3.47396e-08
-3.47153e-08
-3.46909e-08
-3.46666e-08
-3.46423e-08
-3.46181e-08
-3.45938e-08
-3.45696e-08
-3.45454e-08
-3.45212e-08
-3.4497e-08
-3.44729e-08
-3.44487e-08
-3.44246e-08
-3.44005e-08
-3.43765e-08
-3.43524e-08
-3.43284e-08
-3.43044e-08
-3.42804e-08
-3.42564e-08
-3.42325e-08
-3.42086e-08
-3.41847e-08
-3.41608e-08
-3.41369e-08
-3.41131e-08
-3.40893e-08
-3.40655e-08
-3.40417e-08
-3.4018e-08
-3.39942e-08
-3.39705e-08
-3.39468e-08
-3.39232e-08
-3.38995e-08
-3.38759e-08
-3.38523e-08
-3.38287e-08
-3.38052e-08
-3.37816e-08
-3.37581e-08
-3.37346e-08
-3.37112e-08
-3.36877e-08
-3.36643e-08
-3.36409e-08
-3.36175e-08
-3.35941e-08
-3.35708e-08
-3.35475e-08
-3.35242e-08
-3.35009e-08
-3.34777e-08
-3.34545e-08
-3.34313e-08
-3.34081e-08
-3.33849e-08
-3.33618e-08
-3.33387e-08
-3.33156e-08
-3.32926e-08
-3.32695e-08
-3.32465e-08
-3.32235e-08
-3.32005e-08
-3.31776e-08
-3.31547e-08
-3.31318e-08
-3.31089e-08
-3.3086e-08
-3.30632e-08
-3.30404e-08
-3.30176e-08
-3.29948e-08
-3.29721e-08
-3.29494e-08
-3.29267e-08
-3.2904e-08
-3.28814e-08
-3.28587e-08
-3.28361e-08
-3.28136e-08
-3.2791e-08
-3.27685e-08
-3.2746e-08
-3.27235e-08
-3.2701e-08
-3.26786e-08
-3.26562e-08
-3.26338e-08
-3.26115e-08
-3.25891e-08
-3.25668e-08
-3.25445e-08
-3.25222e-08
-3.25e-08
-3.24778e-08
-3.24556e-08
-3.24334e-08
-3.24113e-08
-3.23891e-08
-3.2367e-08
-3.2345e-08
-3.23229e-08
-3.23009e-08
-3.22789e-08
-3.22569e-08
-3.2235e-08
-3.2213e-08
-3.21911e-08
-3.21692e-08
-3.21474e-08
-3.21255e-08
-3.21037e-08
-3.20819e-08
-3.20602e-08
-3.20384e-08
-3.20167e-08
-3.1995e-08
-3.19734e-08
-3.19517e-08
-3.19301e-08
-3.19085e-08
-3.1887e-08
-3.18654e-08
-3.18439e-08
-3.18224e-08
-3.18009e-08
-3.17795e-08
-3.17581e-08
-3.17367e-08
-3.17153e-08
-3.16939e-08
-3.16726e-08
-3.16513e-08
-3.163e-08
-3.16088e-08
-3.15876e-08
-3.15664e-08
-3.15452e-08
-3.1524e-08
-3.15029e-08
-3.14818e-08
-3.14607e-08
-3.14397e-08
-3.14186e-08
-3.13976e-08
-3.13766e-08
-3.13557e-08
-3.13347e-08
-3.13138e-08
-3.12929e-08
-3.12721e-08
-3.12512e-08
-3.12304e-08
-3.12096e-08
-3.11889e-08
-3.11681e-08
-3.11474e-08
-3.11267e-08
-3.11061e-08
-3.10854e-08
-3.10648e-08
-3.10442e-08
-3.10237e-08
-3.10031e-08
-3.09826e-08
-3.09621e-08
-3.09416e-08
-3.09212e-08
-3.09008e-08
-3.08804e-08
-3.086e-08
-3.08397e-08
-3.08193e-08
-3.0799e-08
-3.07788e-08
-3.07585e-08
-3.07383e-08
-3.07181e-08
-3.06979e-08
-3.06778e-08
-3.06576e-08
-3.06375e-08
-3.06175e-08
-3.05974e-08
-3.05774e-08
-3.05574e-08
-3.05374e-08
-3.05174e-08
-3.04975e-08
-3.04776e-08
-3.04577e-08
-3.04378e-08
-3.0418e-08
-3.03982e-08
-3.03784e-08
-3.03587e-08
-3.03389e-08
-3.03192e-08
-3.02995e-08
-3.02799e-08
-3.02602e-08
-3.02406e-08
-3.0221e-08
-3.02014e-08
-3.01819e-08
-3.01624e-08
-3.01429e-08
-3.01234e-08
-3.0104e-08
-3.00845e-08
-3.00651e-08
-3.00458e-08
-3.00264e-08
-3.00071e-08
-2.99878e-08
-2.99685e-08
-2.99493e-08
-2.993e-08
-2.99108e-08
-2.98916e-08
-2.98725e-08
-2.98534e-08
-2.98342e-08
-2.98152e-08
-2.97961e-08
-2.97771e-08
-2.97581e-08
-2.97391e-08
-2.97201e-08
-2.97012e-08
-2.96822e-08
-2.96633e-08
-2.96445e-08
-2.96256e-08
-2.96068e-08
-2.9588e-08
-2.95692e-08
-2.95505e-08
-2.95318e-08
-2.95131e-08
-2.94944e-08
-2.94757e-08
-2.94571e-08
-2.94385e-08
-2.94199e-08
-2.94014e-08
-2.93828e-08
-2.93643e-08
-2.93458e-08
-2.93274e-08
-2.93089e-08
-2.92905e-08
-2.92721e-08
-2.92537e-08
-2.92354e-08
-2.92171e-08
-2.91988e-08
-2.91805e-08
-2.91622e-08
-2.9144e-08
-2.91258e-08
-2.91076e-08
-2.90895e-08
-2.90713e-08
-2.90532e-08
-2.90351e-08
-2.90171e-08
-2.8999e-08
-2.8981e-08
-2.8963e-08
-2.8945e-08
-2.89271e-08
-2.89175e-08
-2.89175e-08
-2.8919e-08
-2.89228e-08
-2.89366e-08
-2.89638e-08
-2.90008e-08
-2.90344e-08
-2.90894e-08
-2.9168e-08
-2.92886e-08
-2.93888e-08
-2.94751e-08
-2.95512e-08
-2.9666e-08
-2.97636e-08
-2.98484e-08
-2.99729e-08
-3.00771e-08
-3.02382e-08
-3.03694e-08
-3.04815e-08
-3.05795e-08
-3.06659e-08
-3.07926e-08
-3.08997e-08
-3.09921e-08
-3.11181e-08
-3.12214e-08
-3.13451e-08
-3.14405e-08
-3.15155e-08
-3.15757e-08
-3.16244e-08
-3.16837e-08
-3.17244e-08
-3.17519e-08
-3.17687e-08
-3.17747e-08
-3.17717e-08
-3.17616e-08
-3.17452e-08
-3.1722e-08
-3.16929e-08
-3.16589e-08
-3.16206e-08
-3.15775e-08
-3.15303e-08
-3.14796e-08
-3.14257e-08
-3.13683e-08
-3.13079e-08
-3.12449e-08
-3.11795e-08
-3.11116e-08
-3.10415e-08
-3.09695e-08
-3.08958e-08
-3.08202e-08
-3.0743e-08
-3.06907e-08
-3.06377e-08
-3.05842e-08
-3.05302e-08
-3.04756e-08
-3.04206e-08
-3.03651e-08
-3.03092e-08
-3.0253e-08
-3.01963e-08
-3.01394e-08
-3.00821e-08
-3.00245e-08
-2.99667e-08
-2.99087e-08
-2.98504e-08
-2.9812e-08
-2.97735e-08
-2.9735e-08
-2.96964e-08
-2.96577e-08
-2.96189e-08
-2.95802e-08
-2.95413e-08
-2.95024e-08
-2.94635e-08
-2.94246e-08
-2.93856e-08
-2.93466e-08
-2.93076e-08
-2.92686e-08
-2.92295e-08
-2.91905e-08
-2.91514e-08
-2.91124e-08
-2.90733e-08
-2.90461e-08
-2.90189e-08
-2.89917e-08
-2.89645e-08
-2.89373e-08
-2.89101e-08
-2.8883e-08
-2.88558e-08
-2.88287e-08
-2.88015e-08
-2.87744e-08
-2.87473e-08
-2.87202e-08
-2.86932e-08
-2.86661e-08
-2.86391e-08
-2.86121e-08
-2.85851e-08
-2.85582e-08
-2.85312e-08
-2.85043e-08
-2.84775e-08
-2.84506e-08
-2.84238e-08
-2.8397e-08
-2.83702e-08
-2.83435e-08
-2.83168e-08
-2.82901e-08
-2.82635e-08
-2.82368e-08
-2.82103e-08
-2.81837e-08
-2.81572e-08
-2.81307e-08
-2.81043e-08
-2.80779e-08
-2.80515e-08
-2.80252e-08
-2.79989e-08
-2.79727e-08
-2.79465e-08
-2.79203e-08
-2.78942e-08
-2.78681e-08
-2.78421e-08
-2.78161e-08
-2.77901e-08
-2.77642e-08
-2.77383e-08
-2.77125e-08
-2.76867e-08
-2.7661e-08
-2.76353e-08
-2.76096e-08
-2.7584e-08
-2.75585e-08
-2.7533e-08
-2.75075e-08
-2.74821e-08
-2.74568e-08
-2.74315e-08
-2.74062e-08
-2.7381e-08
-2.73558e-08
-2.73307e-08
-2.73056e-08
-2.72806e-08
-2.72557e-08
-2.72308e-08
-2.72059e-08
-2.71811e-08
-2.71564e-08
-2.71317e-08
-2.7107e-08
-2.70824e-08
-2.70579e-08
-2.70334e-08
-2.7009e-08
-2.69846e-08
-2.69603e-08
-2.6936e-08
-2.69118e-08
-2.68754e-08
-2.68392e-08
-2.68032e-08
-2.67469e-08
-2.66909e-08
-2.66352e-08
-2.65428e-08
-2.64512e-08
-2.63101e-08
-2.61711e-08
-2.60343e-08
-2.58997e-08
-2.57673e-08
-2.56371e-08
-2.55091e-08
-2.53832e-08
-2.52595e-08
-2.51379e-08
-2.50184e-08
-2.4901e-08
-2.47856e-08
-2.46723e-08
-2.45609e-08
-2.44515e-08
-2.4344e-08
-2.42384e-08
-2.41347e-08
-2.40328e-08
-2.39327e-08
-2.38343e-08
-2.37377e-08
-2.36427e-08
-2.35494e-08
-2.34576e-08
-2.33205e-08
-2.31869e-08
-2.30567e-08
-2.29298e-08
-2.28061e-08
-2.26855e-08
-2.25678e-08
-2.2453e-08
-2.23409e-08
-2.22315e-08
-2.21245e-08
-2.202e-08
-2.19179e-08
-2.1818e-08
-2.17203e-08
-2.16246e-08
-2.1531e-08
-2.14392e-08
-2.13493e-08
-2.12612e-08
-2.11748e-08
-2.109e-08
-2.10068e-08
-2.09251e-08
-2.08449e-08
-2.0766e-08
-2.06886e-08
-2.06123e-08
-2.05374e-08
-2.04636e-08
-2.0391e-08
-2.03195e-08
-2.02491e-08
-2.01797e-08
-2.01112e-08
-2.00438e-08
-1.99772e-08
-1.99115e-08
-1.98467e-08
-1.97826e-08
-1.97194e-08
-1.96569e-08
-1.95952e-08
-1.95341e-08
-1.94738e-08
-1.94141e-08
-1.9355e-08
-1.92965e-08
-1.92386e-08
-1.91813e-08
-1.91245e-08
-1.90683e-08
-1.90125e-08
-1.89573e-08
-1.89025e-08
-1.88482e-08
-1.87943e-08
-1.87408e-08
-1.86878e-08
-1.86351e-08
-1.85828e-08
-1.85309e-08
-1.84794e-08
-1.84282e-08
-1.83773e-08
-1.83268e-08
-1.82766e-08
-1.82267e-08
-1.8177e-08
-1.81277e-08
-1.80786e-08
-1.80298e-08
-1.80176e-08
-1.80054e-08
-1.79933e-08
-1.79812e-08
-1.79691e-08
-1.7957e-08
-1.79342e-08
-1.79115e-08
-1.78889e-08
-1.78479e-08
-1.78071e-08
-1.77665e-08
-1.7726e-08
-1.76857e-08
-1.76455e-08
-1.76055e-08
-1.75656e-08
-1.75258e-08
-1.74862e-08
-1.74467e-08
-1.74073e-08
-1.73681e-08
-1.7329e-08
-1.729e-08
-1.72511e-08
-1.72123e-08
-1.71736e-08
-1.7135e-08
-1.70966e-08
-1.70582e-08
-1.702e-08
-1.69818e-08
-1.69437e-08
-1.69057e-08
-1.68678e-08
-1.683e-08
-1.67923e-08
-1.67547e-08
-1.67172e-08
-1.66797e-08
-1.66423e-08
-1.6605e-08
-1.65678e-08
-1.65306e-08
-1.64936e-08
-1.64566e-08
-1.64196e-08
-1.63828e-08
-1.6346e-08
-1.63093e-08
-1.62726e-08
-1.62361e-08
-1.61995e-08
-1.61631e-08
-1.61267e-08
-1.60904e-08
-1.60541e-08
-1.60179e-08
-1.59818e-08
-1.59457e-08
-1.59097e-08
-1.58738e-08
-1.58379e-08
-1.5802e-08
-1.57663e-08
-1.57306e-08
-1.56949e-08
-1.56593e-08
-1.56238e-08
-1.55883e-08
-1.55529e-08
-1.55175e-08
-1.54822e-08
-1.5447e-08
-1.54118e-08
-1.53766e-08
-1.53415e-08
-1.53065e-08
-1.52715e-08
-1.52366e-08
-1.52018e-08
-1.5167e-08
-1.51322e-08
-1.50975e-08
-1.50629e-08
-1.50283e-08
-1.49938e-08
-1.49594e-08
-1.49249e-08
-1.48906e-08
-1.48563e-08
-1.48221e-08
-1.47879e-08
-1.47538e-08
-1.47197e-08
-1.46857e-08
-1.46518e-08
-1.46179e-08
-1.4584e-08
-1.45503e-08
-1.45165e-08
-1.44829e-08
-1.44493e-08
-1.44157e-08
-1.43823e-08
-1.43488e-08
-1.43155e-08
-1.42822e-08
-1.42489e-08
-1.42158e-08
-1.41826e-08
-1.41496e-08
-1.41166e-08
-1.40836e-08
-1.40508e-08
-1.40179e-08
-1.39852e-08
-1.39525e-08
-1.39199e-08
-1.38873e-08
-1.38548e-08
-1.38224e-08
-1.379e-08
-1.37577e-08
-1.37254e-08
-1.36933e-08
-1.36611e-08
-1.36291e-08
-1.35971e-08
-1.35652e-08
-1.35333e-08
-1.35015e-08
-1.34698e-08
-1.34381e-08
-1.34065e-08
-1.3375e-08
-1.33435e-08
-1.33122e-08
-1.32808e-08
-1.32496e-08
-1.32184e-08
-1.31872e-08
-1.31562e-08
-1.31252e-08
-1.30943e-08
-1.30634e-08
-1.30326e-08
-1.30019e-08
-1.29713e-08
-1.29407e-08
-1.29102e-08
-1.28798e-08
-1.28494e-08
-1.28191e-08
-1.27889e-08
-1.27587e-08
-1.27286e-08
-1.26986e-08
-1.26687e-08
-1.26388e-08
-1.2609e-08
-1.25792e-08
-1.25496e-08
-1.252e-08
-1.24905e-08
-1.2461e-08
-1.24316e-08
-1.24023e-08
-1.23731e-08
-1.23439e-08
-1.23148e-08
-1.22858e-08
-1.22568e-08
-1.2228e-08
-1.21992e-08
-1.21704e-08
-1.21418e-08
-1.21132e-08
-1.20847e-08
-1.20562e-08
-1.20278e-08
-1.19995e-08
-1.19713e-08
-1.19431e-08
-1.19151e-08
-1.1887e-08
-1.18591e-08
-1.18312e-08
-1.18034e-08
-1.17757e-08
-1.17481e-08
-1.17205e-08
-1.1693e-08
-1.16656e-08
-1.16382e-08
-1.16109e-08
-1.15837e-08
-1.15565e-08
-1.15295e-08
-1.15025e-08
-1.14755e-08
-1.14487e-08
-1.14219e-08
-1.13952e-08
-1.13686e-08
-1.1342e-08
-1.13155e-08
-1.12891e-08
-1.12627e-08
-1.12364e-08
-1.12102e-08
-1.11841e-08
-1.1158e-08
-1.1132e-08
-1.11061e-08
-1.10803e-08
-1.10545e-08
-1.10288e-08
-1.10032e-08
-1.09776e-08
-1.09521e-08
-1.09267e-08
-1.09013e-08
-1.0876e-08
-1.08508e-08
-1.08257e-08
-1.08006e-08
-1.07756e-08
-1.07507e-08
-1.07258e-08
-1.0701e-08
-1.06763e-08
-1.06517e-08
-1.06271e-08
-1.06026e-08
-1.05781e-08
-1.05538e-08
-1.05295e-08
-1.05052e-08
-1.04811e-08
-1.0457e-08
-1.0433e-08
-1.0409e-08
-1.03851e-08
-1.03613e-08
-1.03375e-08
-1.03139e-08
-1.02902e-08
-1.02667e-08
-1.02432e-08
-1.02198e-08
-1.01964e-08
-1.01732e-08
-1.015e-08
-1.01268e-08
-1.01037e-08
-1.00807e-08
-1.00578e-08
-1.00349e-08
-1.00121e-08
-9.98936e-09
-9.96668e-09
-9.94407e-09
-9.92152e-09
-9.89904e-09
-9.87662e-09
-9.85427e-09
-9.83199e-09
-9.80977e-09
-9.78761e-09
-9.76552e-09
-9.7435e-09
-9.72154e-09
-9.69964e-09
-9.67781e-09
-9.65604e-09
-9.63433e-09
-9.61269e-09
-9.59111e-09
-9.5696e-09
-9.54815e-09
-9.52676e-09
-9.50544e-09
-9.48417e-09
-9.46297e-09
-9.44184e-09
-9.42076e-09
-9.39975e-09
-9.3788e-09
-9.35791e-09
-9.33708e-09
-9.31631e-09
-9.29561e-09
-9.27497e-09
-9.25438e-09
-9.23386e-09
-9.2134e-09
-9.193e-09
-9.17266e-09
-9.15238e-09
-9.13216e-09
-9.112e-09
-9.0919e-09
-9.07186e-09
-9.05188e-09
-9.03196e-09
-9.0121e-09
-8.99229e-09
-8.97255e-09
-8.95286e-09
-8.93323e-09
-8.91366e-09
-8.89415e-09
-8.8747e-09
-8.8553e-09
-8.83597e-09
-8.81668e-09
-8.79746e-09
-8.7783e-09
-8.75919e-09
-8.74014e-09
-8.72114e-09
-8.7022e-09
-8.68332e-09
-8.6645e-09
-8.64573e-09
-8.62701e-09
-8.60835e-09
-8.58975e-09
-8.57121e-09
-8.55271e-09
-8.53428e-09
-8.5159e-09
-8.49757e-09
-8.4793e-09
-8.46108e-09
-8.44292e-09
-8.42481e-09
-8.40676e-09
-8.38876e-09
-8.37081e-09
-8.35292e-09
-8.33508e-09
-8.31729e-09
-8.29956e-09
-8.28188e-09
-8.26425e-09
-8.24668e-09
-8.22916e-09
-8.21169e-09
-8.19427e-09
-8.17691e-09
-8.15959e-09
-8.13233e-09
-8.10519e-09
-8.07818e-09
-8.0513e-09
-8.02454e-09
-7.99791e-09
-7.97141e-09
-7.94503e-09
-7.91878e-09
-7.89266e-09
-7.86665e-09
-7.84077e-09
-7.81501e-09
-7.78938e-09
-7.78299e-09
-7.7766e-09
-7.77023e-09
-7.76386e-09
-7.7575e-09
-7.75115e-09
-7.74481e-09
-7.73847e-09
-7.72655e-09
-7.71465e-09
-7.69679e-09
-7.67898e-09
-7.66124e-09
-7.64355e-09
-7.62593e-09
-7.60836e-09
-7.59086e-09
-7.57341e-09
-7.55602e-09
-7.53869e-09
-7.52142e-09
-7.50421e-09
-7.48705e-09
-7.46995e-09
-7.45291e-09
-7.43593e-09
-7.419e-09
-7.40214e-09
-7.38532e-09
-7.36857e-09
-7.35187e-09
-7.33523e-09
-7.31864e-09
-7.30211e-09
-7.28564e-09
-7.26922e-09
-7.25285e-09
-7.23654e-09
-7.22029e-09
-7.20409e-09
-7.18795e-09
-7.17186e-09
-7.15582e-09
-7.13984e-09
-7.12391e-09
-7.10804e-09
-7.09222e-09
-7.07645e-09
-7.06073e-09
-7.04507e-09
-7.02947e-09
-7.01391e-09
-6.99841e-09
-6.98296e-09
-6.96756e-09
-6.95221e-09
-6.93692e-09
-6.92167e-09
-6.90648e-09
-6.89134e-09
-6.87625e-09
-6.86121e-09
-6.84622e-09
-6.83128e-09
-6.8164e-09
-6.80156e-09
-6.78677e-09
-6.77204e-09
-6.75735e-09
-6.74271e-09
-6.72812e-09
-6.71358e-09
-6.69909e-09
-6.68465e-09
-6.67026e-09
-6.65592e-09
-6.64162e-09
-6.62737e-09
-6.61318e-09
-6.59902e-09
-6.58492e-09
-6.57087e-09
-6.55686e-09
-6.5429e-09
-6.52898e-09
-6.51512e-09
-6.5013e-09
-6.48752e-09
-6.4738e-09
-6.46011e-09
-6.44648e-09
-6.43289e-09
-6.41935e-09
-6.40585e-09
-6.3924e-09
-6.379e-09
-6.36564e-09
-6.35232e-09
-6.33905e-09
-6.32582e-09
-6.31264e-09
-6.29951e-09
-6.28641e-09
-6.27337e-09
-6.26036e-09
-6.2474e-09
-6.23449e-09
-6.22161e-09
-6.20879e-09
-6.196e-09
-6.18326e-09
-6.17056e-09
-6.1579e-09
-6.14529e-09
-6.13272e-09
-6.12019e-09
-6.1077e-09
-6.09526e-09
-6.08285e-09
-6.07049e-09
-6.05818e-09
-6.0459e-09
-6.03366e-09
-6.02147e-09
-6.00932e-09
-5.9972e-09
-5.98513e-09
-5.9731e-09
-5.96111e-09
-5.94916e-09
-5.93726e-09
-5.92539e-09
-5.91356e-09
-5.90177e-09
-5.89002e-09
-5.87831e-09
-5.86664e-09
-5.85501e-09
-5.84342e-09
-5.83187e-09
-5.82036e-09
-5.80889e-09
-5.79745e-09
-5.78606e-09
-5.7747e-09
-5.76338e-09
-5.7521e-09
-5.74085e-09
-5.72965e-09
-5.71848e-09
-5.70735e-09
-5.69626e-09
-5.68521e-09
-5.67419e-09
-5.66321e-09
-5.65227e-09
-5.64136e-09
-5.63049e-09
-5.61966e-09
-5.60887e-09
-5.59811e-09
-5.58739e-09
-5.5767e-09
-5.56605e-09
-5.55544e-09
-5.54486e-09
-5.53431e-09
-5.52381e-09
-5.51334e-09
-5.5029e-09
-5.4925e-09
-5.48213e-09
-5.4718e-09
-5.46151e-09
-5.45125e-09
-5.44102e-09
-5.43083e-09
-5.42067e-09
-5.41055e-09
-5.40046e-09
-5.39041e-09
-5.38038e-09
-5.3704e-09
-5.36044e-09
-5.35053e-09
-5.34064e-09
-5.33079e-09
-5.32097e-09
-5.31118e-09
-5.30143e-09
-5.29171e-09
-5.28202e-09
-5.27237e-09
-5.26275e-09
-5.25316e-09
-5.2436e-09
-5.23408e-09
-5.22458e-09
-5.21512e-09
-5.2057e-09
-5.1963e-09
-5.18693e-09
-5.1776e-09
-5.1683e-09
-5.15903e-09
-5.14979e-09
-5.14058e-09
-5.13141e-09
-5.12226e-09
-5.11315e-09
-5.10406e-09
-5.09501e-09
-5.08599e-09
-5.077e-09
-5.06804e-09
-5.0591e-09
-5.0502e-09
-5.04133e-09
-5.03249e-09
-5.02368e-09
-5.0149e-09
-5.00615e-09
-4.99743e-09
-4.98873e-09
-4.98007e-09
-4.97144e-09
-4.96283e-09
-4.95426e-09
-4.94571e-09
-4.93719e-09
-4.9287e-09
-4.92024e-09
-4.91181e-09
-4.90341e-09
-4.89503e-09
-4.88668e-09
-4.87837e-09
-4.87008e-09
-4.86181e-09
-4.85358e-09
-4.84537e-09
-4.83719e-09
-4.82904e-09
-4.82092e-09
-4.81282e-09
-4.80475e-09
-4.79671e-09
-4.7887e-09
-4.78071e-09
-4.77275e-09
-4.76482e-09
-4.75691e-09
-4.74903e-09
-4.74118e-09
-4.73335e-09
-4.72555e-09
-4.71778e-09
-4.71003e-09
-4.70231e-09
-4.69461e-09
-4.68694e-09
-4.6793e-09
-4.67168e-09
-4.66409e-09
-4.65652e-09
-4.64898e-09
-4.64147e-09
-4.63398e-09
-4.62651e-09
-4.61907e-09
-4.61166e-09
-4.60427e-09
-4.59691e-09
-4.58957e-09
-4.58225e-09
-4.57496e-09
-4.5677e-09
-4.56046e-09
-4.55324e-09
-4.54605e-09
-4.53888e-09
-4.53174e-09
-4.52462e-09
-4.51752e-09
-4.51045e-09
-4.50341e-09
-4.49638e-09
-4.48938e-09
-4.48241e-09
-4.47545e-09
-4.46852e-09
-4.46162e-09
-4.45474e-09
-4.44788e-09
-4.44104e-09
-4.43423e-09
-4.42744e-09
-4.42067e-09
-4.41393e-09
-4.40721e-09
-4.40051e-09
-4.39383e-09
-4.38718e-09
-4.38055e-09
-4.37394e-09
-4.36735e-09
-4.36079e-09
-4.35425e-09
-4.34773e-09
-4.34123e-09
-4.33475e-09
-4.3283e-09
-4.32187e-09
-4.31546e-09
-4.30907e-09
-4.3027e-09
-4.29635e-09
-4.29003e-09
-4.28373e-09
-4.27744e-09
-4.27118e-09
-4.26494e-09
-4.25873e-09
-4.25253e-09
-4.24635e-09
-4.2402e-09
-4.23406e-09
-4.22795e-09
-4.22186e-09
-4.21578e-09
-4.20973e-09
-4.2037e-09
-4.19769e-09
-4.1917e-09
-4.18572e-09
-4.17977e-09
-4.17384e-09
-4.16793e-09
-4.16204e-09
-4.15617e-09
-4.15032e-09
-4.14449e-09
-4.13868e-09
-4.13288e-09
-4.12711e-09
-4.12136e-09
-4.11562e-09
-4.10991e-09
-4.10422e-09
-4.09854e-09
-4.09288e-09
-4.08725e-09
-4.08163e-09
-4.07603e-09
-4.07045e-09
-4.06489e-09
-4.05934e-09
-4.05382e-09
-4.04831e-09
-4.04282e-09
-4.03736e-09
-4.03191e-09
-4.02647e-09
-4.02106e-09
-4.01567e-09
-4.01029e-09
-4.00493e-09
-3.99959e-09
-3.99427e-09
-3.98896e-09
-3.98367e-09
-3.97841e-09
-3.97315e-09
-3.96792e-09
-3.9627e-09
-3.95751e-09
-3.95233e-09
-3.94716e-09
-3.94202e-09
-3.93689e-09
-3.93178e-09
-3.92668e-09
-3.92161e-09
-3.91655e-09
-3.9115e-09
-3.90648e-09
-3.90147e-09
-3.89648e-09
-3.8915e-09
-3.88654e-09
-3.8816e-09
-3.87668e-09
-3.87177e-09
-3.86688e-09
-3.862e-09
-3.85714e-09
-3.8523e-09
-3.84748e-09
-3.84267e-09
-3.83787e-09
-3.83309e-09
-3.82833e-09
-3.82359e-09
-3.81886e-09
-3.81415e-09
-3.80945e-09
-3.80477e-09
-3.8001e-09
-3.79545e-09
-3.79082e-09
-3.7862e-09
-3.7816e-09
-3.77701e-09
-3.77244e-09
-3.76788e-09
-3.76334e-09
-3.75881e-09
-3.7543e-09
-3.7498e-09
-3.74532e-09
-3.74086e-09
-3.73641e-09
-3.73197e-09
-3.72755e-09
-3.72315e-09
-3.71876e-09
-3.71438e-09
-3.71002e-09
-3.70567e-09
-3.70134e-09
-3.69702e-09
-3.69272e-09
-3.68843e-09
-3.68416e-09
-3.6799e-09
-3.67566e-09
-3.67143e-09
-3.66721e-09
-3.66301e-09
-3.65882e-09
-3.65465e-09
-3.65049e-09
-3.64634e-09
-3.64221e-09
-3.63809e-09
-3.63399e-09
-3.6299e-09
-3.62582e-09
-3.62176e-09
-3.61771e-09
-3.61367e-09
-3.60965e-09
-3.60564e-09
-3.60165e-09
-3.59767e-09
-3.5937e-09
-3.58974e-09
-3.5858e-09
-3.58187e-09
-3.57796e-09
-3.57406e-09
-3.57017e-09
-3.56629e-09
-3.56243e-09
-3.55858e-09
-3.55475e-09
-3.55092e-09
-3.54711e-09
-3.54331e-09
-3.53953e-09
-3.53576e-09
-3.532e-09
-3.52825e-09
-3.52452e-09
-3.5208e-09
-3.51709e-09
-3.51339e-09
-3.50971e-09
-3.50603e-09
-3.50237e-09
-3.49873e-09
-3.49509e-09
-3.49147e-09
-3.48786e-09
-3.48426e-09
-3.48068e-09
-3.4771e-09
-3.47354e-09
-3.46999e-09
-3.46645e-09
-3.46293e-09
-3.45941e-09
-3.45591e-09
-3.45242e-09
-3.44894e-09
-3.44547e-09
-3.44202e-09
-3.43857e-09
-3.43514e-09
-3.43172e-09
-3.42831e-09
-3.42491e-09
-3.42153e-09
-3.41815e-09
-3.41479e-09
-3.41143e-09
-3.40809e-09
-3.40476e-09
-3.40145e-09
-3.39814e-09
-3.39484e-09
-3.39156e-09
-3.38828e-09
-3.38502e-09
-3.38177e-09
-3.37853e-09
-3.37529e-09
-3.37208e-09
-3.36887e-09
-3.36567e-09
-3.36248e-09
-3.35931e-09
-3.35614e-09
-3.35298e-09
-3.34984e-09
-3.34671e-09
-3.34358e-09
-3.34047e-09
-3.33737e-09
-3.33428e-09
-3.33119e-09
-3.32812e-09
-3.32506e-09
-3.32201e-09
-3.31897e-09
-3.31594e-09
-3.31292e-09
-3.30991e-09
-3.30691e-09
-3.30392e-09
-3.30094e-09
-3.29797e-09
-3.29501e-09
-3.29206e-09
-3.28912e-09
-3.28619e-09
-3.28327e-09
-3.28036e-09
-3.27746e-09
-3.27457e-09
-3.27169e-09
-3.26882e-09
-3.26596e-09
-3.26311e-09
-3.26026e-09
-3.25743e-09
-3.25461e-09
-3.25179e-09
-3.24899e-09
-3.24619e-09
-3.24341e-09
-3.24063e-09
-3.23787e-09
-3.23511e-09
-3.23236e-09
-3.22962e-09
-3.22689e-09
-3.22417e-09
-3.22146e-09
-3.21876e-09
-3.21606e-09
-3.21338e-09
-3.2107e-09
-3.20804e-09
-3.20538e-09
-3.20273e-09
-3.20009e-09
-3.19746e-09
-3.19484e-09
-3.19222e-09
-3.18962e-09
-3.18702e-09
-3.18444e-09
-3.18186e-09
-3.17929e-09
-3.17673e-09
-3.17418e-09
-3.17163e-09
-3.1691e-09
-3.16657e-09
-3.16405e-09
-3.16154e-09
-3.15904e-09
-3.15655e-09
-3.15406e-09
-3.15159e-09
-3.14912e-09
-3.14666e-09
-3.14421e-09
-3.14177e-09
-3.13933e-09
-3.1369e-09
-3.13449e-09
-3.13207e-09
-3.12967e-09
-3.12728e-09
-3.12489e-09
-3.12251e-09
-3.12014e-09
-3.11778e-09
-3.11543e-09
-3.11308e-09
-3.11074e-09
-3.10841e-09
-3.10609e-09
-3.10377e-09
-3.10146e-09
-3.09916e-09
-3.09687e-09
-3.09459e-09
-3.09231e-09
-3.09004e-09
-3.08778e-09
-3.08553e-09
-3.08328e-09
-3.08104e-09
-3.07881e-09
-3.07658e-09
-3.07437e-09
-3.07216e-09
-3.06996e-09
-3.06776e-09
-3.06558e-09
-3.0634e-09
-3.06123e-09
-3.05906e-09
-3.0569e-09
-3.05475e-09
-3.05261e-09
-3.05047e-09
-3.04834e-09
-3.04622e-09
-3.04411e-09
-3.042e-09
-3.0399e-09
-3.03781e-09
-3.03572e-09
-3.03364e-09
-3.03157e-09
-3.0295e-09
-3.02744e-09
-3.02539e-09
-3.02335e-09
-3.02131e-09
-3.01928e-09
-3.01725e-09
-3.01524e-09
-3.01322e-09
-3.01122e-09
-3.00922e-09
-3.00723e-09
-3.00525e-09
-3.00327e-09
-3.0013e-09
-2.99934e-09
-2.99738e-09
-2.99543e-09
-2.99348e-09
-2.99155e-09
-2.98961e-09
-2.98769e-09
-2.98577e-09
-2.98386e-09
-2.98195e-09
-2.98005e-09
-2.97816e-09
-2.97627e-09
-2.97439e-09
-2.97252e-09
-2.97065e-09
-2.96879e-09
-2.96693e-09
-2.96508e-09
-2.96324e-09
-2.9614e-09
-2.95957e-09
-2.95775e-09
-2.95593e-09
-2.95412e-09
-2.95231e-09
-2.95051e-09
-2.94872e-09
-2.94693e-09
-2.94515e-09
-2.94337e-09
-2.9416e-09
-2.93984e-09
-2.93808e-09
-2.93633e-09
-2.93458e-09
-2.93284e-09
-2.9311e-09
-2.92937e-09
-2.92765e-09
-2.92593e-09
-2.92422e-09
-2.92251e-09
-2.92081e-09
-2.91912e-09
-2.91743e-09
-2.91575e-09
-2.91407e-09
-2.9124e-09
-2.91073e-09
-2.90907e-09
-2.90741e-09
-2.90576e-09
-2.90412e-09
-2.90248e-09
-2.90085e-09
-2.89922e-09
-2.89759e-09
-2.89598e-09
-2.89437e-09
-2.89276e-09
-2.89116e-09
-2.88956e-09
-2.88797e-09
-2.88639e-09
-2.88481e-09
-2.88323e-09
-2.88166e-09
-2.8801e-09
-2.87854e-09
-2.87699e-09
-2.87544e-09
-2.8739e-09
-2.87236e-09
-2.87082e-09
-2.8693e-09
-2.86777e-09
-2.86626e-09
-2.86474e-09
-2.86324e-09
-2.86173e-09
-2.86024e-09
-2.85874e-09
-2.85726e-09
-2.85577e-09
-2.8543e-09
-2.85282e-09
-2.85136e-09
-2.84989e-09
-2.84843e-09
-2.84698e-09
-2.84553e-09
-2.84409e-09
-2.84265e-09
-2.84122e-09
-2.83979e-09
-2.83836e-09
-2.83695e-09
-2.83553e-09
-2.83412e-09
-2.83271e-09
-2.83131e-09
-2.82992e-09
-2.82853e-09
-2.82714e-09
-2.82576e-09
-2.82438e-09
-2.82301e-09
-2.82164e-09
-2.82028e-09
-2.81892e-09
-2.81756e-09
-2.81621e-09
-2.81487e-09
-2.81353e-09
-2.81219e-09
-2.81086e-09
-2.80953e-09
-2.80821e-09
-2.80689e-09
-2.80557e-09
-2.80426e-09
-2.80296e-09
-2.80166e-09
-2.80036e-09
-2.79907e-09
-2.79778e-09
-2.79649e-09
-2.79521e-09
-2.79394e-09
-2.79267e-09
-2.7914e-09
-2.79014e-09
-2.78888e-09
-2.78762e-09
-2.78637e-09
-2.78513e-09
-2.78389e-09
-2.78265e-09
-2.78141e-09
-2.78018e-09
-2.77896e-09
-2.77774e-09
-2.77652e-09
-2.77531e-09
-2.7741e-09
-2.77289e-09
-2.77169e-09
-2.77049e-09
-2.7693e-09
-2.76811e-09
-2.76693e-09
-2.76574e-09
-2.76457e-09
-2.76339e-09
-2.76222e-09
-2.76106e-09
-2.7599e-09
-2.75874e-09
-2.75758e-09
-2.75643e-09
-2.75529e-09
-2.75414e-09
-2.75301e-09
-2.75187e-09
-2.75074e-09
-2.74961e-09
-2.74849e-09
-2.74737e-09
-2.74625e-09
-2.74514e-09
-2.74403e-09
-2.74293e-09
-2.74182e-09
-2.74073e-09
-2.73963e-09
-2.73854e-09
-2.73746e-09
-2.73637e-09
-2.73529e-09
-2.73422e-09
-2.73314e-09
-2.73207e-09
-2.73101e-09
-2.72995e-09
-2.72889e-09
-2.72783e-09
-2.72678e-09
-2.72574e-09
-2.72469e-09
-2.72365e-09
-2.72261e-09
-2.72158e-09
-2.72055e-09
-2.71952e-09
-2.7185e-09
-2.71748e-09
-2.71646e-09
-2.71545e-09
-2.71444e-09
-2.71343e-09
-2.71243e-09
-2.71143e-09
-2.71043e-09
-2.70944e-09
-2.70845e-09
-2.70746e-09
-2.70648e-09
-2.70549e-09
-2.70452e-09
-2.70354e-09
-2.70257e-09
-2.70161e-09
-2.70064e-09
-2.69968e-09
-2.69872e-09
-2.69777e-09
-2.69682e-09
-2.69587e-09
-2.69492e-09
-2.69398e-09
-2.69304e-09
-2.69211e-09
-2.69117e-09
-2.69025e-09
-2.68932e-09
-2.6884e-09
-2.68747e-09
-2.68656e-09
-2.68564e-09
-2.68473e-09
-2.68382e-09
-2.68292e-09
-2.68202e-09
-2.68112e-09
-2.68022e-09
-2.67933e-09
-2.67844e-09
-2.67755e-09
-2.67667e-09
-2.67579e-09
-2.67491e-09
-2.67403e-09
-2.67316e-09
-2.67229e-09
-2.67142e-09
-2.67056e-09
-2.6697e-09
-2.66884e-09
-2.66798e-09
-2.66713e-09
-2.66628e-09
-2.66543e-09
-2.66459e-09
-2.66375e-09
-2.66291e-09
-2.66207e-09
-2.66124e-09
-2.66041e-09
-2.65958e-09
-2.65876e-09
-2.65794e-09
-2.65712e-09
-2.6563e-09
-2.65549e-09
-2.65467e-09
-2.65387e-09
-2.65306e-09
-2.65226e-09
-2.65146e-09
-2.65066e-09
-2.64986e-09
-2.64907e-09
-2.64828e-09
-2.64749e-09
-2.64671e-09
-2.64593e-09
-2.64515e-09
-2.64437e-09
-2.6436e-09
-2.64282e-09
-2.64205e-09
-2.64129e-09
-2.64052e-09
-2.63976e-09
-2.639e-09
-2.63825e-09
-2.63749e-09
-2.63674e-09
-2.63599e-09
-2.63524e-09
-2.6345e-09
-2.63376e-09
-2.63302e-09
-2.63228e-09
-2.63155e-09
-2.63082e-09
-2.63009e-09
-2.62936e-09
-2.62863e-09
-2.62791e-09
-2.62719e-09
-2.62647e-09
-2.62576e-09
-2.62505e-09
-2.62434e-09
-2.62363e-09
-2.62292e-09
-2.62222e-09
-2.62152e-09
-2.62082e-09
-2.62012e-09
-2.61943e-09
-2.61874e-09
-2.61805e-09
-2.61736e-09
-2.61667e-09
-2.61599e-09
-2.61531e-09
-2.61463e-09
-2.61396e-09
-2.61328e-09
-2.61261e-09
-2.61194e-09
-2.61127e-09
-2.61061e-09
-2.60995e-09
-2.60929e-09
-2.60863e-09
-2.60797e-09
-2.60732e-09
-2.60666e-09
-2.60601e-09
-2.60537e-09
-2.60472e-09
-2.60408e-09
-2.60344e-09
-2.6028e-09
-2.60216e-09
-2.60153e-09
-2.60089e-09
-2.60026e-09
-2.59963e-09
-2.59901e-09
-2.59838e-09
-2.59776e-09
-2.59714e-09
-2.59652e-09
-2.59591e-09
-2.59529e-09
-2.59468e-09
-2.59407e-09
-2.59346e-09
-2.59285e-09
-2.59225e-09
-2.59165e-09
-2.59105e-09
-2.59045e-09
-2.58985e-09
-2.58926e-09
-2.58867e-09
-2.58808e-09
-2.58749e-09
-2.5869e-09
-2.58632e-09
-2.58573e-09
-2.58515e-09
-2.58457e-09
-2.584e-09
-2.58342e-09
-2.58285e-09
-2.58228e-09
-2.58171e-09
-2.58114e-09
-2.58057e-09
-2.58001e-09
-2.57945e-09
-2.57889e-09
-2.57833e-09
-2.57777e-09
-2.57722e-09
-2.57667e-09
-2.57612e-09
-2.57557e-09
-2.57502e-09
-2.57447e-09
-2.57393e-09
-2.57339e-09
-2.57285e-09
-2.57231e-09
-2.57177e-09
-2.57124e-09
-2.57071e-09
-2.57017e-09
-2.56964e-09
-2.56912e-09
-2.56859e-09
-2.56807e-09
-2.56754e-09
-2.56702e-09
-2.5665e-09
-2.56599e-09
-2.56547e-09
-2.56496e-09
-2.56444e-09
-2.56393e-09
-2.56342e-09
-2.56292e-09
-2.56241e-09
-2.56191e-09
-2.5614e-09
-2.5609e-09
-2.5604e-09
-2.55991e-09
-2.55941e-09
-2.55892e-09
-2.55842e-09
-2.55793e-09
-2.55744e-09
-2.55696e-09
-2.55647e-09
-2.55599e-09
-2.5555e-09
-2.55502e-09
-2.55454e-09
-2.55406e-09
-2.55359e-09
-2.55311e-09
-2.55264e-09
-2.55217e-09
-2.5517e-09
-2.55123e-09
-2.55076e-09
-2.55029e-09
-2.54983e-09
-2.54937e-09
-2.54891e-09
-2.54845e-09
-2.54799e-09
-2.54753e-09
-2.54708e-09
-2.54662e-09
-2.54617e-09
-2.54572e-09
-2.54527e-09
-2.54482e-09
-2.54438e-09
-2.54393e-09
-2.54349e-09
-2.54305e-09
-2.54261e-09
-2.54217e-09
-2.54173e-09
-2.54129e-09
-2.54086e-09
-2.54042e-09
-2.53999e-09
-2.53956e-09
-2.53913e-09
-2.5387e-09
-2.53828e-09
-2.53785e-09
-2.53743e-09
-2.53701e-09
-2.53659e-09
-2.53617e-09
-2.53575e-09
-2.53533e-09
-2.53492e-09
-2.5345e-09
-2.53409e-09
-2.53368e-09
-2.53327e-09
-2.53286e-09
-2.53246e-09
-2.53205e-09
-2.53164e-09
-2.53124e-09
-2.53084e-09
-2.53044e-09
-2.53004e-09
-2.52964e-09
-2.52925e-09
-2.52885e-09
-2.52846e-09
-2.52806e-09
-2.52767e-09
-2.52728e-09
-2.52689e-09
-2.52651e-09
-2.52612e-09
-2.52573e-09
-2.52535e-09
-2.52497e-09
-2.52459e-09
-2.52421e-09
-2.52383e-09
-2.52345e-09
-2.52307e-09
-2.5227e-09
-2.52232e-09
-2.52195e-09
-2.52158e-09
-2.52121e-09
-2.52084e-09
-2.52047e-09
-2.52011e-09
-2.51974e-09
-2.51938e-09
-2.51901e-09
-2.51865e-09
-2.51829e-09
-2.51793e-09
-2.51757e-09
-2.51722e-09
-2.51686e-09
-2.5165e-09
-2.51615e-09
-2.5158e-09
-2.51545e-09
-2.5151e-09
-2.51475e-09
-2.5144e-09
-2.51405e-09
-2.51371e-09
-2.51336e-09
-2.51302e-09
-2.51268e-09
-2.51234e-09
-2.512e-09
-2.51166e-09
-2.51132e-09
-2.51098e-09
-2.51065e-09
-2.51031e-09
-2.50998e-09
-2.50965e-09
-2.50931e-09
-2.50898e-09
-2.50865e-09
-2.50833e-09
-2.508e-09
-2.50767e-09
-2.50735e-09
-2.50702e-09
-2.5067e-09
-2.50638e-09
-2.50606e-09
-2.50574e-09
-2.50542e-09
-2.5051e-09
-2.50479e-09
-2.50447e-09
-2.50416e-09
-2.50384e-09
-2.50353e-09
-2.50322e-09
-2.50291e-09
-2.5026e-09
-2.50229e-09
-2.50198e-09
-2.50168e-09
-2.50137e-09
-2.50107e-09
-2.50076e-09
-2.50046e-09
-2.50016e-09
-2.49986e-09
-2.49956e-09
-2.49926e-09
-2.49896e-09
-2.49867e-09
-2.49837e-09
-2.49808e-09
-2.49778e-09
-2.49749e-09
-2.4972e-09
-2.49691e-09
-2.49662e-09
-2.49633e-09
-2.49604e-09
-2.49575e-09
-2.49547e-09
-2.49518e-09
-2.4949e-09
-2.49461e-09
-2.49433e-09
-2.49405e-09
-2.49377e-09
-2.49349e-09
-2.49321e-09
-2.49293e-09
-2.49266e-09
-2.49238e-09
-2.49211e-09
-2.49183e-09
-2.49156e-09
-2.49128e-09
-2.49101e-09
-2.49074e-09
-2.49047e-09
-2.4902e-09
-2.48994e-09
-2.48967e-09
-2.4894e-09
-2.48914e-09
-2.48887e-09
-2.48861e-09
-2.48834e-09
-2.48808e-09
-2.48782e-09
-2.48756e-09
-2.4873e-09
-2.48704e-09
-2.48678e-09
-2.48653e-09
-2.48627e-09
-2.48602e-09
-2.48576e-09
-2.48551e-09
-2.48525e-09
-2.485e-09
-2.48475e-09

