-70
-69.9984
-69.997
-69.9949
-69.9921
-69.9872
-69.983
-69.9793
-69.9719
-69.9654
-69.9556
-69.9472
-69.9314
-69.9038
-69.8818
-69.8611
-69.8401
-69.8184
-69.7959
-69.7728
-69.7491
-69.7103
-69.6706
-69.602
-69.5328
-69.4638
-69.3952
-69.3272
-69.216
-69.1066
-68.9991
-68.8311
-68.6672
-68.5074
-68.3512
-68.1985
-68.0491
-67.9029
-67.6594
-67.4246
-67.1981
-66.9796
-66.7691
-66.5663
-66.371
-66.1834
-66.0031
-65.8301
-65.6643
-65.5057
-65.3538
-65.2088
-65.0704
-64.9385
-64.8131
-64.694
-64.5808
-64.4737
-64.3723
-64.2765
-64.1862
-64.101
-64.0207
-63.9455
-63.8749
-63.8089
-63.7473
-63.6898
-63.6363
-63.5868
-63.541
-63.4987
-63.4597
-63.4241
-63.3915
-63.362
-63.355
-63.3482
-63.3416
-63.3352
-63.3289
-63.3228
-63.3169
-63.3111
-63.3055
-63.3001
-63.2948
-63.2896
-63.2846
-63.2798
-63.2751
-63.2706
-63.2662
-63.2619
-63.2578
-63.2538
-63.2499
-63.2462
-63.2427
-63.2392
-63.2359
-63.2327
-63.2296
-63.2267
-63.2239
-63.2212
-63.2186
-63.2162
-63.2138
-63.2116
-63.2095
-63.2075
-63.2056
-63.2038
-63.2021
-63.2005
-63.1991
-63.1977
-63.1964
-63.1953
-63.1942
-63.1932
-63.1923
-63.1915
-63.1908
-63.1902
-63.1897
-63.1893
-63.1889
-63.1887
-63.1885
-63.1884
-63.1884
-63.1884
-63.1886
-63.1888
-63.1891
-63.1894
-63.1899
-63.1904
-63.191
-63.1916
-63.1924
-63.1931
-63.194
-63.1949
-63.1959
-63.1975
-63.1992
-63.2011
-63.2031
-63.2052
-63.2075
-63.2098
-63.2123
-63.2149
-63.2176
-63.2204
-63.2234
-63.2282
-63.2333
-63.2386
-63.2478
-63.2575
-63.2677
-63.2784
-63.2895
-63.3009
-63.3127
-63.3247
-63.337
-63.3496
-63.3623
-63.3752
-63.3882
-63.4013
-63.4146
-63.4278
-63.4411
-63.4445
-63.4463
-63.4481
-63.4498
-63.4516
-63.4547
-63.4577
-63.463
-63.4727
-63.4823
-63.4919
-63.5015
-63.5111
-63.5206
-63.5301
-63.5395
-63.5489
-63.5583
-63.5675
-63.5767
-63.5859
-63.5949
-63.6039
-63.6128
-63.6216
-63.6304
-63.639
-63.6476
-63.6561
-63.6644
-63.6727
-63.6809
-63.689
-63.697
-63.7049
-63.7126
-63.7203
-63.7279
-63.7353
-63.7427
-63.7499
-63.7571
-63.7641
-63.771
-63.7779
-63.7846
-63.7912
-63.7977
-63.804
-63.8103
-63.8165
-63.8225
-63.8285
-63.8343
-63.84
-63.8457
-63.8512
-63.8566
-63.8619
-63.8671
-63.8722
-63.8772
-63.8821
-63.8869
-63.8916
-63.8963
-63.9008
-63.9052
-63.9095
-63.9137
-63.9178
-63.9219
-63.9258
-63.9296
-63.9334
-63.9371
-63.9407
-63.9442
-63.9476
-63.9509
-63.9542
-63.9573
-63.9604
-63.9634
-63.9664
-63.9692
-63.972
-63.9747
-63.9773
-63.9799
-63.9824
-63.9848
-63.9872
-63.9894
-63.9917
-63.9938
-63.9959
-63.9979
-63.9999
-64.0018
-64.0037
-64.0054
-64.0072
-64.0089
-64.0105
-64.012
-64.0136
-64.015
-64.0164
-64.0178
-64.0191
-64.0204
-64.0216
-64.0228
-64.0239
-64.025
-64.0261
-64.0271
-64.028
-64.029
-64.0298
-64.0307
-64.0315
-64.0323
-64.033
-64.0337
-64.0344
-64.035
-64.0357
-64.0362
-64.0368
-64.0373
-64.0378
-64.0382
-64.0387
-64.0391
-64.0395
-64.0398
-64.0401
-64.0404
-64.0407
-64.041
-64.0412
-64.0414
-64.0416
-64.0418
-64.042
-64.0421
-64.0422
-64.0423
-64.0424
-64.0425
-64.0425
-64.0426
-64.0426
-64.0426
-64.0426
-64.0425
-64.0425
-64.0424
-64.0424
-64.0423
-64.0422
-64.0421
-64.042
-64.0419
-64.0417
-64.0416
-64.0414
-64.0413
-64.0411
-64.0409
-64.0407
-64.0405
-64.0403
-64.0401
-64.0399
-64.0397
-64.0395
-64.0392
-64.039
-64.0387
-64.0385
-64.0382
-64.0379
-64.0377
-64.0374
-64.0371
-64.0368
-64.0365
-64.0362
-64.0359
-64.0356
-64.0353
-64.035
-64.0347
-64.0344
-64.0341
-64.0338
-64.0334
-64.0331
-64.0328
-64.0325
-64.0321
-64.0318
-64.0315
-64.0311
-64.0308
-64.0305
-64.0301
-64.0298
-64.0294
-64.0291
-64.0288
-64.0284
-64.0281
-64.0277
-64.0274
-64.027
-64.027
-64.0269
-64.0268
-64.0266
-64.0265
-64.0263
-64.026
-64.0257
-64.0253
-64.025
-64.0246
-64.0243
-64.0239
-64.0236
-64.0232
-64.0229
-64.0226
-64.0222
-64.0219
-64.0215
-64.0212
-64.0208
-64.0205
-64.0202
-64.0198
-64.0195
-64.0191
-64.0188
-64.0185
-64.0181
-64.0178
-64.0175
-64.0171
-64.0168
-64.0165
-64.0161
-64.0158
-64.0155
-64.0151
-64.0148
-64.0145
-64.0141
-64.0138
-64.0135
-64.0132
-64.0128
-64.0125
-64.0122
-64.0119
-64.0115
-64.0112
-64.0109
-64.0106
-64.0102
-64.0099
-64.0096
-64.0093
-64.009
-64.0087
-64.0083
-64.008
-64.0077
-64.0074
-64.0071
-64.0068
-64.0065
-64.0062
-64.0058
-64.0055
-64.0052
-64.0049
-64.0046
-64.0043
-64.004
-64.0037
-64.0034
-64.0031
-64.0028
-64.0025
-64.0022
-64.0019
-64.0016
-64.0013
-64.001
-64.0007
-64.0004
-64.0001
-63.9998
-63.9995
-63.9992
-63.9989
-63.9986
-63.9983
-63.998
-63.9977
-63.9974
-63.9971
-63.9968
-63.9965
-63.9963
-63.996
-63.9957
-63.9954
-63.9951
-63.9948
-63.9945
-63.9942
-63.9939
-63.9937
-63.9934
-63.9931
-63.9928
-63.9925
-63.9922
-63.9919
-63.9917
-63.9914
-63.9911
-63.9908
-63.9905
-63.9902
-63.99
-63.9897
-63.9894
-63.9891
-63.9888
-63.9885
-63.9883
-63.988
-63.9877
-63.9874
-63.9871
-63.9869
-63.9866
-63.9863
-63.986
-63.9857
-63.9855
-63.9852
-63.9849
-63.9846
-63.9843
-63.9841
-63.9838
-63.9835
-63.9832
-63.983
-63.9827
-63.9824
-63.9821
-63.9818
-63.9816
-63.9813
-63.981
-63.9807
-63.9805
-63.9802
-63.9799
-63.9796
-63.9794
-63.9791
-63.9788
-63.9785
-63.9783
-63.978
-63.9777
-63.9774
-63.9772
-63.9769
-63.9766
-63.9763
-63.9761
-63.9758
-63.9755
-63.9752
-63.975
-63.9747
-63.9744
-63.9742
-63.9739
-63.9736
-63.9733
-63.9731
-63.9728
-63.9725
-63.9722
-63.972
-63.9717
-63.9714
-63.9712
-63.9709
-63.9706
-63.9703
-63.9701
-63.9698
-63.9695
-63.9692
-63.969
-63.9687
-63.9684
-63.9682
-63.9679
-63.9676
-63.9674
-63.9671
-63.9668
-63.9665
-63.9663
-63.966
-63.9657
-63.9655
-63.9652
-63.9649
-63.9646
-63.9644
-63.9641
-63.9638
-63.9636
-63.9633
-63.963
-63.9628
-63.9625
-63.9622
-63.9619
-63.9617
-63.9614
-63.9611
-63.9609
-63.9606
-63.9603
-63.9601
-63.9598
-63.9595
-63.9593
-63.959
-63.9587
-63.9584
-63.9582
-63.9579
-63.9576
-63.9574
-63.9571
-63.9568
-63.9566
-63.9563
-63.956
-63.9558
-63.9555
-63.9552
-63.955
-63.9547
-63.9544
-63.9542
-63.9539
-63.9536
-63.9534
-63.9531
-63.9528
-63.9526
-63.9523
-63.952
-63.9518
-63.9515
-63.9512
-63.951
-63.9507
-63.9504
-63.9502
-63.9499
-63.9496
-63.9494
-63.9491
-63.9488
-63.9486
-63.9483
-63.948
-63.9478
-63.9475
-63.9472
-63.947
-63.9467
-63.9464
-63.9462
-63.9459
-63.9456
-63.9454
-63.9451
-63.9449
-63.9446
-63.9443
-63.9441
-63.9438
-63.9435
-63.9433
-63.943
-63.9427
-63.9425
-63.9422
-63.942
-63.9417
-63.9414
-63.9412
-63.9409
-63.9406
-63.9404
-63.9401
-63.9398
-63.9396
-63.9393
-63.9391
-63.9388
-63.9385
-63.9383
-63.938
-63.9377
-63.9375
-63.9372
-63.937
-63.9367
-63.9364
-63.9362
-63.9359
-63.9357
-63.9354
-63.9351
-63.9349
-63.9346
-63.9343
-63.9341
-63.9338
-63.9336
-63.9333
-63.933
-63.9328
-63.9325
-63.9323
-63.932
-63.9317
-63.9315
-63.9312
-63.931
-63.9307
-63.9304
-63.9302
-63.9299
-63.9297
-63.9294
-63.9291
-63.9289
-63.9286
-63.9284
-63.9281
-63.9279
-63.9276
-63.9273
-63.9271
-63.9268
-63.9266
-63.9263
-63.926
-63.9258
-63.9255
-63.9253
-63.925
-63.9248
-63.9245
-63.9242
-63.924
-63.9237
-63.9235
-63.9232
-63.923
-63.9227
-63.9224
-63.9222
-63.9219
-63.9217
-63.9214
-63.9212
-63.9209
-63.9207
-63.9204
-63.9201
-63.9199
-63.9196
-63.9194
-63.9191
-63.9189
-63.9186
-63.9184
-63.9181
-63.9178
-63.9176
-63.9173
-63.9171
-63.9168
-63.9166
-63.9163
-63.9161
-63.9158
-63.9156
-63.9153
-63.915
-63.9148
-63.9145
-63.9143
-63.914
-63.9138
-63.9137
-63.9137
-63.9086
-63.8998
-63.8691
-63.8091
-63.7278
-63.6544
-63.5345
-63.3641
-63.1036
-62.8886
-62.7042
-62.5422
-62.299
-62.0936
-61.9163
-61.658
-61.4439
-61.1199
-60.858
-60.6337
-60.4367
-60.2613
-59.999
-59.7702
-59.5648
-59.2718
-59.0123
-58.6534
-58.1574
-57.732
-57.3613
-57.0253
-56.693
-56.3811
-56.0878
-55.8143
-55.5307
-55.2669
-55.0051
-54.7735
-54.5096
-54.2888
-54.0198
-53.8427
-53.7111
-53.5344
-53.3727
-53.2127
-53.0759
-52.9183
-52.8044
-52.6833
-52.5507
-52.3757
-52.2571
-52.1473
-51.996
-51.8601
-51.7132
-51.6122
-51.4972
-51.3402
-51.2205
-51.1158
-50.9779
-50.8472
-50.7265
-50.6099
-50.4603
-50.3373
-50.2288
-50.0874
-49.9449
-49.8029
-49.7092
-49.587
-49.4191
-49.2872
-49.1943
-49.0673
-48.9495
-48.8079
-48.6691
-48.5551
-48.4271
-48.2668
-48.118
-47.9971
-47.8576
-47.677
-47.4957
-47.3359
-47.1364
-47.0742
-47.012
-46.9485
-46.8822
-46.8134
-46.6633
-46.4795
-46.263
-45.9756
-45.5233
-45.3699
-45.1894
-44.8375
-44.7305
-44.6131
-44.3221
-43.9474
-43.4423
-42.7295
-42.3555
-41.916
-41.4
-40.7998
-40.1139
-39.3478
-38.5129
-37.6252
-36.7016
-35.7577
-34.8058
-33.8549
-32.9107
-31.5092
-30.1345
-28.0356
-25.9847
-23.9654
-21.9601
-19.9445
-17.8812
-15.7038
-13.3118
-10.5572
-7.23771
-0.464555
5.07295
10.7648
15.1152
16.8885
18.1408
18.9791
19.4423
19.5888
19.54
19.3893
19.1683
18.8816
18.5359
18.1458
17.7288
17.0469
16.3498
15.6511
14.952
14.2516
13.549
12.8421
12.128
11.4044
10.6698
9.92362
9.166
8.39709
7.61736
6.82784
6.03014
5.49757
4.96261
4.42551
3.88628
3.34473
2.80074
2.25418
1.70499
1.15299
0.598011
0.0398445
-0.521697
-1.08676
-1.65542
-2.2276
-2.80315
-3.38177
-3.96308
-4.5466
-5.13177
-5.71801
-6.30467
-6.89108
-7.47655
-8.06041
-8.64197
-9.22059
-9.79563
-10.3665
-10.9327
-11.4939
-12.0493
-12.5988
-13.142
-13.6787
-14.2087
-14.732
-15.2485
-15.7582
-16.2613
-16.7577
-17.2477
-17.7314
-18.2089
-18.6807
-19.1468
-19.6076
-20.0635
-20.5147
-20.9617
-21.4047
-21.8443
-22.2807
-22.7143
-23.1456
-23.575
-24.0027
-24.4292
-24.8547
-25.2795
-25.7038
-26.1278
-26.5516
-26.9752
-27.3984
-27.8211
-28.243
-28.6636
-29.0826
-29.4996
-29.914
-30.3255
-30.7335
-31.1377
-31.5375
-31.9325
-32.3223
-32.7066
-33.0849
-33.457
-33.8226
-34.1815
-34.5335
-34.8783
-35.216
-35.5462
-35.869
-36.1843
-36.4919
-36.7918
-37.084
-37.3684
-37.6451
-37.9141
-38.1755
-38.4291
-38.6753
-38.914
-39.1455
-39.3697
-39.5869
-39.7973
-40.0009
-40.1978
-40.3884
-40.5727
-40.7508
-40.923
-41.0893
-41.2499
-41.405
-41.5547
-41.6992
-41.8385
-41.9729
-42.1026
-42.2275
-42.3479
-42.464
-42.5758
-42.6835
-42.7872
-42.8871
-42.9833
-43.0759
-43.165
-43.2508
-43.3333
-43.4128
-43.4892
-43.5627
-43.6335
-43.7016
-43.7671
-43.8301
-43.8907
-43.9491
-44.0052
-44.0592
-44.1111
-44.1611
-44.2093
-44.2556
-44.3001
-44.3431
-44.3844
-44.4242
-44.4625
-44.4994
-44.535
-44.5693
-44.6023
-44.6342
-44.6649
-44.6946
-44.7232
-44.7508
-44.7775
-44.8033
-44.8282
-44.8523
-44.8756
-44.8981
-44.92
-44.9411
-44.9617
-44.9816
-45.0009
-45.0196
-45.0379
-45.0556
-45.0729
-45.0897
-45.1061
-45.1221
-45.1377
-45.1529
-45.1678
-45.1825
-45.1968
-45.2108
-45.2246
-45.2382
-45.2516
-45.2647
-45.2777
-45.2905
-45.3032
-45.3157
-45.3281
-45.3405
-45.3527
-45.3648
-45.3769
-45.389
-45.401
-45.413
-45.4249
-45.4369
-45.4489
-45.4609
-45.4729
-45.485
-45.4971
-45.5092
-45.5214
-45.5337
-45.5461
-45.5586
-45.5711
-45.5799
-45.5886
-45.5974
-45.6063
-45.6153
-45.6242
-45.6333
-45.6424
-45.6516
-45.6608
-45.6701
-45.6795
-45.6889
-45.6984
-45.708
-45.7176
-45.7273
-45.7371
-45.747
-45.7569
-45.767
-45.7771
-45.7872
-45.7975
-45.8078
-45.8182
-45.8287
-45.8393
-45.85
-45.8607
-45.8715
-45.8824
-45.8934
-45.9045
-45.9156
-45.9269
-45.9382
-45.9496
-45.9611
-45.9727
-45.9843
-45.9961
-46.0079
-46.0198
-46.0318
-46.0439
-46.0561
-46.0683
-46.0807
-46.0931
-46.1056
-46.1182
-46.1308
-46.1436
-46.1564
-46.1693
-46.1823
-46.1954
-46.2085
-46.2218
-46.2351
-46.2484
-46.2619
-46.2755
-46.2891
-46.3028
-46.3165
-46.3304
-46.3443
-46.3583
-46.3724
-46.3865
-46.4007
-46.415
-46.4293
-46.4437
-46.4582
-46.4728
-46.4874
-46.5021
-46.5168
-46.5316
-46.5465
-46.5615
-46.5765
-46.5915
-46.6067
-46.6218
-46.6371
-46.6524
-46.6677
-46.6831
-46.6986
-46.7141
-46.7297
-46.7453
-46.761
-46.7767
-46.7925
-46.8083
-46.8242
-46.8401
-46.8561
-46.8721
-46.8881
-46.9042
-46.9203
-46.9365
-46.9527
-46.969
-46.9853
-47.0016
-47.018
-47.0344
-47.0508
-47.0673
-47.0838
-47.1003
-47.1169
-47.1334
-47.1501
-47.1667
-47.1834
-47.2001
-47.2168
-47.2335
-47.2503
-47.2671
-47.2839
-47.3007
-47.3176
-47.3345
-47.3513
-47.3682
-47.3852
-47.4021
-47.419
-47.436
-47.453
-47.47
-47.487
-47.504
-47.521
-47.538
-47.555
-47.5721
-47.5891
-47.6061
-47.6232
-47.6402
-47.6573
-47.6743
-47.6914
-47.7085
-47.7255
-47.7426
-47.7596
-47.7767
-47.7937
-47.8107
-47.8278
-47.8448
-47.8618
-47.8788
-47.8958
-47.9128
-47.9298
-47.9468
-47.9638
-47.9807
-47.9977
-48.0146
-48.0315
-48.0484
-48.0653
-48.0822
-48.099
-48.1159
-48.1327
-48.1495
-48.1663
-48.183
-48.1998
-48.2165
-48.2332
-48.2499
-48.2666
-48.2832
-48.2998
-48.3164
-48.333
-48.3496
-48.3661
-48.3826
-48.3991
-48.4155
-48.4319
-48.4483
-48.4647
-48.481
-48.4973
-48.5136
-48.5299
-48.5461
-48.5623
-48.5785
-48.5946
-48.6107
-48.6268
-48.6428
-48.6588
-48.6748
-48.6907
-48.7066
-48.7225
-48.7383
-48.7541
-48.7699
-48.7856
-48.8013
-48.817
-48.8326
-48.8482
-48.8638
-48.8793
-48.8948
-48.9102
-48.9256
-48.941
-48.9563
-48.9716
-48.9945
-49.0173
-49.04
-49.0627
-49.0852
-49.1077
-49.1301
-49.1523
-49.1745
-49.1966
-49.2186
-49.2405
-49.2623
-49.284
-49.3056
-49.3271
-49.3485
-49.3698
-49.391
-49.4121
-49.4332
-49.4541
-49.4749
-49.4956
-49.5162
-49.5367
-49.5572
-49.5775
-49.5977
-49.6178
-49.6378
-49.6577
-49.6775
-49.6972
-49.7168
-49.7363
-49.7557
-49.775
-49.7942
-49.8132
-49.8426
-49.8718
-49.9007
-49.9294
-49.9578
-49.9859
-50.0138
-50.0415
-50.0689
-50.0961
-50.123
-50.1497
-50.1761
-50.2023
-50.2282
-50.2539
-50.2793
-50.3046
-50.3295
-50.3542
-50.3787
-50.403
-50.427
-50.4508
-50.4743
-50.4976
-50.5207
-50.5435
-50.5661
-50.5885
-50.6107
-50.6326
-50.6543
-50.6758
-50.697
-50.718
-50.7389
-50.7594
-50.7798
-50.8101
-50.8399
-50.8692
-50.9149
-50.9594
-51.0028
-51.045
-51.0861
-51.1261
-51.165
-51.2029
-51.2397
-51.2756
-51.3104
-51.3443
-51.3772
-51.4092
-51.4403
-51.4705
-51.4999
-51.5284
-51.556
-51.5969
-51.6359
-51.6732
-51.7088
-51.7427
-51.7751
-51.8059
-51.8353
-51.8633
-51.8899
-51.9152
-51.9392
-51.9747
-52.0074
-52.0374
-52.0649
-52.09
-52.1128
-52.1335
-52.1523
-52.1804
-52.2034
-52.2219
-52.2361
-52.2466
-52.2536
-52.2575
-52.2587
-52.2572
-52.2535
-52.2476
-52.2399
-52.2304
-52.2193
-52.2068
-52.193
-52.1779
-52.1619
-52.1448
-52.1268
-52.0972
-52.0659
-52.0332
-51.999
-51.9642
-51.9277
-51.8919
-51.8526
-51.8189
-51.7845
-51.7415
-51.7005
-51.6532
-51.6239
-51.6034
-51.565
-51.5412
-51.5249
-51.5099
-51.4877
-51.4697
-51.4592
-51.4493
-51.4393
-51.4287
-51.4181
-51.4072
-51.3969
-51.3869
-51.3771
-51.37
-51.3626
-51.3551
-51.3479
-51.3408
-51.3336
-51.3265
-51.3195
-51.3124
-51.3051
-51.298
-51.2911
-51.2841
-51.2788
-51.275
-51.2713
-51.2675
-51.2638
-51.26
-51.2563
-51.2525
-51.2488
-51.245
-51.2413
-51.2376
-51.2338
-51.2301
-51.2264
-51.2227
-51.219
-51.2152
-51.2115
-51.2078
-51.2041
-51.2004
-51.1967
-51.1931
-51.1894
-51.1857
-51.182
-51.1783
-51.1746
-51.171
-51.1648
-51.1586
-51.1524
-51.1462
-51.1401
-51.1257
-51.1113
-51.097
-51.0828
-51.0573
-51.032
-50.9896
-50.9477
-50.9063
-50.8655
-50.8253
-50.7856
-50.7466
-50.7081
-50.6703
-50.633
-50.5965
-50.5605
-50.5252
-50.4904
-50.4567
-50.423
-50.3902
-50.3585
-50.327
-50.2963
-50.2665
-50.2375
-50.209
-50.1812
-50.1543
-50.1281
-50.1026
-50.0776
-50.0537
-50.0304
-50.0077
-49.9859
-49.9644
-49.9437
-49.9241
-49.9048
-49.8864
-49.8688
-49.852
-49.8358
-49.8202
-49.8055
-49.7914
-49.778
-49.7652
-49.7531
-49.7417
-49.7309
-49.7208
-49.7113
-49.7024
-49.6942
-49.6866
-49.6796
-49.6732
-49.6673
-49.662
-49.6573
-49.6532
-49.6496
-49.6465
-49.6439
-49.6418
-49.6402
-49.6392
-49.6385
-49.6383
-49.6386
-49.6393
-49.6404
-49.6419
-49.6438
-49.6461
-49.6488
-49.6518
-49.6552
-49.6589
-49.6629
-49.6672
-49.6718
-49.6767
-49.6819
-49.6873
-49.693
-49.699
-49.7051
-49.7115
-49.7181
-49.7249
-49.7318
-49.739
-49.7463
-49.7537
-49.7614
-49.7691
-49.777
-49.785
-49.7931
-49.8013
-49.8097
-49.8181
-49.8265
-49.8351
-49.8437
-49.8524
-49.8611
-49.8699
-49.8787
-49.8876
-49.8964
-49.9053
-49.9142
-49.9231
-49.9321
-49.941
-49.9499
-49.9588
-49.9677
-49.9765
-49.9854
-49.9942
-50.003
-50.0117
-50.0204
-50.0291
-50.0377
-50.0463
-50.0548
-50.0633
-50.0717
-50.0801
-50.0884
-50.0966
-50.1048
-50.1129
-50.121
-50.1289
-50.1368
-50.1447
-50.1524
-50.1601
-50.1677
-50.1752
-50.1826
-50.19
-50.1973
-50.2045
-50.2116
-50.2187
-50.2256
-50.2325
-50.2393
-50.246
-50.2526
-50.2591
-50.2656
-50.272
-50.2783
-50.2845
-50.2906
-50.2966
-50.3026
-50.3084
-50.3142
-50.3199
-50.3255
-50.3311
-50.3365
-50.3419
-50.3472
-50.3524
-50.3575
-50.3626
-50.3675
-50.3724
-50.3773
-50.382
-50.3867
-50.3912
-50.3958
-50.4002
-50.4045
-50.4088
-50.4131
-50.4172
-50.4213
-50.4253
-50.4292
-50.4331
-50.4369
-50.4406
-50.4443
-50.4479
-50.4514
-50.4549
-50.4583
-50.4616
-50.4649
-50.4681
-50.4713
-50.4744
-50.4774
-50.4804
-50.4833
-50.4862
-50.489
-50.4918
-50.4945
-50.4971
-50.4997
-50.5023
-50.5048
-50.5072
-50.5096
-50.512
-50.5143
-50.5166
-50.5188
-50.5209
-50.5231
-50.5251
-50.5272
-50.5292
-50.5311
-50.533
-50.5349
-50.5367
-50.5385
-50.5402
-50.542
-50.5436
-50.5453
-50.5469
-50.5484
-50.55
-50.5515
-50.5529
-50.5544
-50.5558
-50.5571
-50.5585
-50.5598
-50.5611
-50.5623
-50.5635
-50.5647
-50.5659
-50.567
-50.5682
-50.5692
-50.5703
-50.5713
-50.5723
-50.5733
-50.5743
-50.5752
-50.5762
-50.5771
-50.5779
-50.5788
-50.5796
-50.5804
-50.5812
-50.582
-50.5828
-50.5835
-50.5842
-50.5849
-50.5856
-50.5863
-50.587
-50.5876
-50.5882
-50.5888
-50.5894
-50.59
-50.5906
-50.5911
-50.5917
-50.5922
-50.5927
-50.5932
-50.5937
-50.5942
-50.5946
-50.5951
-50.5955
-50.596
-50.5964
-50.5968
-50.5972
-50.5976
-50.598
-50.5984
-50.5987
-50.5991
-50.5994
-50.5998
-50.6001
-50.6004
-50.6008
-50.6011
-50.6014
-50.6017
-50.602
-50.6023
-50.6025
-50.6028
-50.6031
-50.6034
-50.6036
-50.6039
-50.6041
-50.6044
-50.6046
-50.6048
-50.6051
-50.6053
-50.6055
-50.6057
-50.606
-50.6062
-50.6064
-50.6066
-50.6068
-50.607
-50.6072
-50.6074
-50.6076
-50.6078
-50.608
-50.6081
-50.6083
-50.6085
-50.6087
-50.6089
-50.609
-50.6092
-50.6094
-50.6096
-50.6097
-50.6099
-50.6101
-50.6102
-50.6104
-50.6106
-50.6107
-50.6109
-50.611
-50.6112
-50.6114
-50.6115
-50.6117
-50.6118
-50.612
-50.6121
-50.6123
-50.6124
-50.6126
-50.6128
-50.6129
-50.6131
-50.6132
-50.6134
-50.6135
-50.6137
-50.6138
-50.614
-50.6141
-50.6143
-50.6144
-50.6146
-50.6147
-50.6149
-50.615
-50.6152
-50.6154
-50.6155
-50.6157
-50.6158
-50.616
-50.6161
-50.6163
-50.6164
-50.6166
-50.6167
-50.6169
-50.617
-50.6172
-50.6174
-50.6175
-50.6177
-50.6178
-50.618
-50.6181
-50.6183
-50.6184
-50.6186
-50.6188
-50.6189
-50.6191
-50.6192
-50.6194
-50.6195
-50.6197
-50.6199
-50.62
-50.6202
-50.6203
-50.6205
-50.6207
-50.6208
-50.621
-50.6211
-50.6213
-50.6214
-50.6216
-50.6218
-50.6219
-50.6221
-50.6222
-50.6224
-50.6226
-50.6227
-50.6229
-50.623
-50.6232
-50.6234
-50.6235
-50.6237
-50.6238
-50.624
-50.6242
-50.6243
-50.6245
-50.6246
-50.6248
-50.625
-50.6251
-50.6253
-50.6254
-50.6256
-50.6257
-50.6259
-50.6261
-50.6262
-50.6264
-50.6265
-50.6267
-50.6268
-50.627
-50.6271
-50.6273
-50.6275
-50.6276
-50.6278
-50.6279
-50.6281
-50.6282
-50.6284
-50.6285
-50.6287
-50.6288
-50.629
-50.6291
-50.6293
-50.6294
-50.6295
-50.6297
-50.6298
-50.63
-50.6301
-50.6303
-50.6304
-50.6306
-50.6307
-50.6308
-50.631
-50.6311
-50.6313
-50.6314
-50.6315
-50.6317
-50.6318
-50.6319
-50.6321
-50.6322
-50.6323
-50.6325
-50.6326
-50.6327
-50.6329
-50.633
-50.6331
-50.6332
-50.6334
-50.6335
-50.6336
-50.6337
-50.6339
-50.634
-50.6341
-50.6342
-50.6344
-50.6345
-50.6346
-50.6347
-50.6348
-50.6349
-50.6351
-50.6352
-50.6353
-50.6354
-50.6355
-50.6356
-50.6357
-50.6358
-50.6359
-50.636
-50.6361
-50.6362
-50.6363
-50.6364
-50.6366
-50.6367
-50.6368
-50.6368
-50.6369
-50.637
-50.6371
-50.6372
-50.6373
-50.6374
-50.6375
-50.6376
-50.6377
-50.6378
-50.6379
-50.638
-50.638
-50.6381
-50.6382
-50.6383
-50.6384
-50.6385
-50.6385
-50.6386
-50.6387
-50.6388
-50.6388
-50.6389
-50.639
-50.6391
-50.6391
-50.6392
-50.6393
-50.6393
-50.6394
-50.6395
-50.6396
-50.6396
-50.6397
-50.6397
-50.6398
-50.6399
-50.6399
-50.64
-50.64
-50.6401
-50.6402
-50.6402
-50.6403
-50.6403
-50.6404
-50.6404
-50.6405
-50.6405
-50.6406
-50.6406
-50.6407
-50.6407
-50.6408
-50.6408
-50.6409
-50.6409
-50.641
-50.641
-50.641
-50.6411
-50.6411
-50.6412
-50.6412
-50.6412
-50.6413
-50.6413
-50.6413
-50.6414
-50.6414
-50.6414
-50.6415
-50.6415
-50.6415
-50.6415
-50.6416
-50.6416
-50.6416
-50.6417
-50.6417
-50.6417
-50.6417
-50.6417
-50.6418
-50.6418
-50.6418
-50.6418
-50.6418
-50.6419
-50.6419
-50.6419
-50.6419
-50.6419
-50.6419
-50.6419
-50.642
-50.642
-50.642
-50.642
-50.642
-50.642
-50.642
-50.642
-50.642
-50.642
-50.642
-50.642
-50.642
-50.642
-50.642
-50.642
-50.642
-50.642
-50.642
-50.642
-50.642
-50.642
-50.642
-50.642
-50.642
-50.642
-50.642
-50.642
-50.642
-50.642
-50.642
-50.642
-50.6419
-50.6419
-50.6419
-50.6419
-50.6419
-50.6419
-50.6419
-50.6418
-50.6418
-50.6418
-50.6418
-50.6418
-50.6418
-50.6417
-50.6417
-50.6417
-50.6417
-50.6417
-50.6416
-50.6416
-50.6416
-50.6416
-50.6415
-50.6415
-50.6415
-50.6415
-50.6414
-50.6414
-50.6414
-50.6414
-50.6413
-50.6413
-50.6413
-50.6412
-50.6412
-50.6412
-50.6412
-50.6411
-50.6411
-50.6411
-50.641
-50.641
-50.6409
-50.6409
-50.6409
-50.6408
-50.6408
-50.6408
-50.6407
-50.6407
-50.6406
-50.6406
-50.6406
-50.6405
-50.6405
-50.6404
-50.6404
-50.6404
-50.6403
-50.6403
-50.6402
-50.6402
-50.6401
-50.6401
-50.64
-50.64
-50.64
-50.6399
-50.6399
-50.6398
-50.6398
-50.6397
-50.6397
-50.6396
-50.6396
-50.6395
-50.6395
-50.6394
-50.6394
-50.6393
-50.6392
-50.6392
-50.6391
-50.6391
-50.639
-50.639
-50.6389
-50.6389
-50.6388
-50.6387
-50.6387
-50.6386
-50.6386
-50.6385
-50.6384
-50.6384
-50.6383
-50.6383
-50.6382
-50.6381
-50.6381
-50.638
-50.638
-50.6379
-50.6378
-50.6378
-50.6377
-50.6376
-50.6376
-50.6375
-50.6374
-50.6374
-50.6373
-50.6372
-50.6372
-50.6371
-50.637
-50.637
-50.6369
-50.6368
-50.6368
-50.6367
-50.6366
-50.6365
-50.6365
-50.6364
-50.6363
-50.6362
-50.6362
-50.6361
-50.636
-50.636
-50.6359
-50.6358
-50.6357
-50.6357
-50.6356
-50.6355
-50.6354
-50.6353
-50.6353
-50.6352
-50.6351
-50.635
-50.635
-50.6349
-50.6348
-50.6347
-50.6346
-50.6345
-50.6345
-50.6344
-50.6343
-50.6342
-50.6341
-50.6341
-50.634
-50.6339
-50.6338
-50.6337
-50.6336
-50.6335
-50.6335
-50.6334
-50.6333
-50.6332
-50.6331
-50.633
-50.6329
-50.6329
-50.6328
-50.6327
-50.6326
-50.6325
-50.6324
-50.6323
-50.6322
-50.6321
-50.632
-50.632
-50.6319
-50.6318
-50.6317
-50.6316
-50.6315
-50.6314
-50.6313
-50.6312
-50.6311
-50.631
-50.6309
-50.6308
-50.6307
-50.6306
-50.6305
-50.6304
-50.6303
-50.6302
-50.6301
-50.6301
-50.63
-50.6299
-50.6298
-50.6297
-50.6296
-50.6295
-50.6294
-50.6293
-50.6292
-50.6291
-50.629
-50.6288
-50.6287
-50.6286
-50.6285
-50.6284
-50.6283
-50.6282
-50.6281
-50.628
-50.6279
-50.6278
-50.6277
-50.6276
-50.6275
-50.6274
-50.6273
-50.6272
-50.6271
-50.627
-50.6269
-50.6269
-50.632
-50.6408
-50.6715
-50.7315
-50.8127
-50.886
-51.0056
-51.1755
-51.4343
-51.6475
-51.8299
-51.9898
-52.2297
-52.4323
-52.6073
-52.8632
-53.0766
-53.4062
-53.676
-53.9089
-54.1146
-54.298
-54.5719
-54.809
-55.0195
-55.318
-55.5762
-55.9089
-56.1929
-56.4428
-56.6693
-56.8785
-57.1861
-57.4671
-57.7312
-57.9826
-58.2203
-58.4464
-58.6645
-58.8759
-59.0786
-59.274
-59.464
-59.6492
-59.8282
-60.0019
-60.1713
-60.3368
-60.4976
-60.6543
-60.8074
-60.9571
-61.1031
-61.2457
-61.3853
-61.5219
-61.6554
-61.7859
-61.8715
-61.9559
-62.039
-62.121
-62.2019
-62.2816
-62.3603
-62.4378
-62.5144
-62.5899
-62.6643
-62.7378
-62.8103
-62.8819
-62.9525
-63.0221
-63.0674
-63.1123
-63.1568
-63.201
-63.2447
-63.2881
-63.3311
-63.3738
-63.416
-63.458
-63.4996
-63.5408
-63.5817
-63.6222
-63.6624
-63.7023
-63.7418
-63.781
-63.8199
-63.8584
-63.8851
-63.9117
-63.9381
-63.9643
-63.9904
-64.0163
-64.0421
-64.0677
-64.0932
-64.1186
-64.1438
-64.1688
-64.1937
-64.2185
-64.2431
-64.2676
-64.2919
-64.3161
-64.3402
-64.3641
-64.3879
-64.4116
-64.4351
-64.4585
-64.4817
-64.5048
-64.5278
-64.5507
-64.5734
-64.596
-64.6185
-64.6408
-64.663
-64.6851
-64.7071
-64.7289
-64.7506
-64.7722
-64.7937
-64.815
-64.8362
-64.8573
-64.8783
-64.8992
-64.9199
-64.9406
-64.9611
-64.9815
-65.0017
-65.0219
-65.0419
-65.0619
-65.0817
-65.1014
-65.121
-65.1405
-65.1599
-65.1791
-65.1983
-65.2173
-65.2363
-65.2551
-65.2738
-65.2924
-65.3109
-65.3293
-65.3476
-65.3658
-65.3839
-65.4019
-65.4198
-65.4376
-65.4552
-65.4728
-65.4903
-65.5077
-65.5249
-65.5421
-65.5592
-65.5762
-65.5931
-65.6099
-65.6265
-65.6515
-65.6762
-65.7007
-65.7386
-65.7761
-65.813
-65.8737
-65.933
-66.0229
-66.1096
-66.1932
-66.2737
-66.3513
-66.426
-66.4979
-66.5671
-66.6337
-66.6977
-66.7592
-66.8182
-66.8749
-66.9293
-66.9814
-67.0314
-67.0791
-67.1248
-67.1685
-67.2102
-67.2499
-67.2878
-67.3238
-67.358
-67.3905
-67.4212
-67.465
-67.5051
-67.5415
-67.5744
-67.604
-67.6303
-67.6536
-67.6738
-67.6911
-67.7056
-67.7174
-67.7266
-67.7333
-67.7377
-67.7397
-67.7395
-67.7371
-67.7327
-67.7263
-67.718
-67.7078
-67.6959
-67.6824
-67.6672
-67.6504
-67.6322
-67.6126
-67.5916
-67.5692
-67.5457
-67.521
-67.4951
-67.4681
-67.4402
-67.4112
-67.3813
-67.3506
-67.319
-67.2867
-67.2535
-67.2197
-67.1853
-67.1502
-67.1146
-67.0784
-67.0417
-67.0045
-66.9669
-66.9289
-66.8906
-66.8519
-66.813
-66.7737
-66.7342
-66.6945
-66.6547
-66.6146
-66.5745
-66.5342
-66.4939
-66.4535
-66.413
-66.3726
-66.3321
-66.2917
-66.2513
-66.211
-66.1708
-66.1307
-66.0907
-66.0508
-66.0111
-66.0012
-65.9913
-65.9814
-65.9716
-65.9617
-65.9519
-65.9333
-65.9148
-65.8963
-65.863
-65.8298
-65.7967
-65.7639
-65.7312
-65.6987
-65.6664
-65.6343
-65.6024
-65.5707
-65.5392
-65.508
-65.4769
-65.4461
-65.4156
-65.3852
-65.3552
-65.3253
-65.2957
-65.2664
-65.2373
-65.2085
-65.18
-65.1517
-65.1237
-65.0959
-65.0684
-65.0412
-65.0143
-64.9876
-64.9612
-64.9351
-64.9093
-64.8838
-64.8585
-64.8335
-64.8088
-64.7844
-64.7602
-64.7364
-64.7128
-64.6895
-64.6665
-64.6437
-64.6213
-64.5991
-64.5772
-64.5556
-64.5342
-64.5132
-64.4924
-64.4719
-64.4516
-64.4316
-64.4119
-64.3925
-64.3733
-64.3544
-64.3358
-64.3174
-64.2993
-64.2814
-64.2638
-64.2465
-64.2294
-64.2126
-64.196
-64.1797
-64.1636
-64.1477
-64.1321
-64.1167
-64.1016
-64.0867
-64.072
-64.0576
-64.0434
-64.0294
-64.0157
-64.0021
-63.9888
-63.9757
-63.9628
-63.9502
-63.9377
-63.9255
-63.9134
-63.9016
-63.8899
-63.8785
-63.8672
-63.8562
-63.8453
-63.8346
-63.8241
-63.8138
-63.8037
-63.7938
-63.784
-63.7744
-63.765
-63.7557
-63.7467
-63.7378
-63.729
-63.7204
-63.712
-63.7037
-63.6956
-63.6876
-63.6798
-63.6721
-63.6646
-63.6572
-63.65
-63.6429
-63.6359
-63.6291
-63.6224
-63.6158
-63.6094
-63.6031
-63.5969
-63.5909
-63.5849
-63.5791
-63.5734
-63.5678
-63.5624
-63.557
-63.5518
-63.5466
-63.5416
-63.5367
-63.5318
-63.5271
-63.5225
-63.518
-63.5135
-63.5092
-63.505
-63.5008
-63.4967
-63.4928
-63.4889
-63.4851
-63.4814
-63.4777
-63.4742
-63.4707
-63.4673
-63.464
-63.4607
-63.4575
-63.4544
-63.4514
-63.4485
-63.4456
-63.4427
-63.44
-63.4373
-63.4347
-63.4321
-63.4296
-63.4271
-63.4247
-63.4224
-63.4201
-63.4179
-63.4158
-63.4137
-63.4116
-63.4096
-63.4076
-63.4057
-63.4039
-63.4021
-63.4003
-63.3986
-63.3969
-63.3953
-63.3937
-63.3921
-63.3906
-63.3892
-63.3877
-63.3864
-63.385
-63.3837
-63.3824
-63.3812
-63.38
-63.3788
-63.3777
-63.3766
-63.3755
-63.3745
-63.3735
-63.3725
-63.3715
-63.3706
-63.3697
-63.3689
-63.368
-63.3672
-63.3664
-63.3657
-63.3649
-63.3642
-63.3635
-63.3629
-63.3622
-63.3616
-63.361
-63.3605
-63.3599
-63.3594
-63.3589
-63.3584
-63.3579
-63.3575
-63.357
-63.3566
-63.3562
-63.3558
-63.3555
-63.3551
-63.3548
-63.3545
-63.3542
-63.3539
-63.3536
-63.3534
-63.3531
-63.3529
-63.3527
-63.3525
-63.3523
-63.3521
-63.3519
-63.3518
-63.3516
-63.3515
-63.3514
-63.3513
-63.3512
-63.3511
-63.351
-63.351
-63.3509
-63.3509
-63.3508
-63.3508
-63.3508
-63.3508
-63.3508
-63.3508
-63.3508
-63.3508
-63.3508
-63.3509
-63.3509
-63.351
-63.351
-63.3511
-63.3512
-63.3513
-63.3514
-63.3515
-63.3516
-63.3517
-63.3518
-63.3519
-63.352
-63.3521
-63.3523
-63.3524
-63.3526
-63.3527
-63.3529
-63.353
-63.3532
-63.3534
-63.3535
-63.3537
-63.3539
-63.3541
-63.3543
-63.3545
-63.3547
-63.3549
-63.3551
-63.3553
-63.3555
-63.3557
-63.3559
-63.3561
-63.3564
-63.3566
-63.3568
-63.3571
-63.3573
-63.3575
-63.3578
-63.358
-63.3583
-63.3585
-63.3588
-63.359
-63.3593
-63.3596
-63.3598
-63.3601
-63.3604
-63.3606
-63.3609
-63.3612
-63.3615
-63.3617
-63.362
-63.3623
-63.3626
-63.3629
-63.3631
-63.3634
-63.3637
-63.364
-63.3643
-63.3646
-63.3649
-63.3652
-63.3655
-63.3658
-63.3661
-63.3664
-63.3667
-63.367
-63.3673
-63.3676
-63.3679
-63.3682
-63.3686
-63.3689
-63.3692
-63.3697
-63.3702
-63.3707
-63.3712
-63.3717
-63.3722
-63.3727
-63.3732
-63.3737
-63.3742
-63.3747
-63.3752
-63.3758
-63.3763
-63.3764
-63.3765
-63.3767
-63.3768
-63.3769
-63.3771
-63.3772
-63.3773
-63.3776
-63.3778
-63.3782
-63.3785
-63.3789
-63.3793
-63.3797
-63.38
-63.3804
-63.3808
-63.3811
-63.3815
-63.3819
-63.3823
-63.3826
-63.383
-63.3834
-63.3837
-63.3841
-63.3845
-63.3849
-63.3852
-63.3856
-63.386
-63.3864
-63.3867
-63.3871
-63.3875
-63.3878
-63.3882
-63.3886
-63.389
-63.3893
-63.3897
-63.3901
-63.3904
-63.3908
-63.3912
-63.3916
-63.3919
-63.3923
-63.3927
-63.393
-63.3934
-63.3938
-63.3941
-63.3945
-63.3949
-63.3952
-63.3956
-63.396
-63.3963
-63.3967
-63.3971
-63.3974
-63.3978
-63.3981
-63.3985
-63.3989
-63.3992
-63.3996
-63.3999
-63.4003
-63.4007
-63.401
-63.4014
-63.4017
-63.4021
-63.4024
-63.4028
-63.4031
-63.4035
-63.4039
-63.4042
-63.4046
-63.4049
-63.4053
-63.4056
-63.406
-63.4063
-63.4067
-63.407
-63.4073
-63.4077
-63.408
-63.4084
-63.4087
-63.4091
-63.4094
-63.4097
-63.4101
-63.4104
-63.4108
-63.4111
-63.4114
-63.4118
-63.4121
-63.4124
-63.4128
-63.4131
-63.4134
-63.4138
-63.4141
-63.4144
-63.4147
-63.4151
-63.4154
-63.4157
-63.416
-63.4164
-63.4167
-63.417
-63.4173
-63.4176
-63.418
-63.4183
-63.4186
-63.4189
-63.4192
-63.4195
-63.4198
-63.4202
-63.4205
-63.4208
-63.4211
-63.4214
-63.4217
-63.422
-63.4223
-63.4226
-63.4229
-63.4232
-63.4235
-63.4238
-63.4241
-63.4244
-63.4247
-63.425
-63.4253
-63.4256
-63.4259
-63.4262
-63.4265
-63.4268
-63.4271
-63.4273
-63.4276
-63.4279
-63.4282
-63.4285
-63.4288
-63.4291
-63.4293
-63.4296
-63.4299
-63.4302
-63.4305
-63.4307
-63.431
-63.4313
-63.4315
-63.4318
-63.4321
-63.4324
-63.4326
-63.4329
-63.4332
-63.4334
-63.4337
-63.434
-63.4342
-63.4345
-63.4347
-63.435
-63.4353
-63.4355
-63.4358
-63.436
-63.4363
-63.4365
-63.4368
-63.437
-63.4373
-63.4375
-63.4378
-63.438
-63.4383
-63.4385
-63.4388
-63.439
-63.4393
-63.4395
-63.4398
-63.44
-63.4402
-63.4405
-63.4407
-63.4409
-63.4412
-63.4414
-63.4416
-63.4419
-63.4421
-63.4423
-63.4426
-63.4428
-63.443
-63.4432
-63.4435
-63.4437
-63.4439
-63.4441
-63.4444
-63.4446
-63.4448
-63.445
-63.4452
-63.4454
-63.4457
-63.4459
-63.4461
-63.4463
-63.4465
-63.4467
-63.4469
-63.4471
-63.4473
-63.4475
-63.4478
-63.448
-63.4482
-63.4484
-63.4486
-63.4488
-63.449
-63.4492
-63.4494
-63.4496
-63.4498
-63.4499
-63.4501
-63.4503
-63.4505
-63.4507
-63.4509
-63.4511
-63.4513
-63.4515
-63.4517
-63.4518
-63.452
-63.4522
-63.4524
-63.4526
-63.4528
-63.4529
-63.4531
-63.4533
-63.4535
-63.4537
-63.4538
-63.454
-63.4542
-63.4543
-63.4545
-63.4547
-63.4549
-63.455
-63.4552
-63.4554
-63.4555
-63.4557
-63.4559
-63.456
-63.4562
-63.4564
-63.4565
-63.4567
-63.4568
-63.457
-63.4572
-63.4573
-63.4575
-63.4576
-63.4578
-63.4579
-63.4581
-63.4582
-63.4584
-63.4585
-63.4587
-63.4588
-63.459
-63.4591
-63.4593
-63.4594
-63.4596
-63.4597
-63.4599
-63.46
-63.4601
-63.4603
-63.4604
-63.4606
-63.4607
-63.4608
-63.461
-63.4611
-63.4613
-63.4614
-63.4615
-63.4617
-63.4618
-63.4619
-63.4621
-63.4622
-63.4623
-63.4624
-63.4626
-63.4627
-63.4628
-63.4629
-63.4631
-63.4632
-63.4633
-63.4634
-63.4636
-63.4637
-63.4638
-63.4639
-63.464
-63.4642
-63.4643
-63.4644
-63.4645
-63.4646
-63.4647
-63.4649
-63.465
-63.4651
-63.4652
-63.4653
-63.4654
-63.4655
-63.4656
-63.4657
-63.4658
-63.466
-63.4661
-63.4662
-63.4663
-63.4664
-63.4665
-63.4666
-63.4667
-63.4668
-63.4669
-63.467
-63.4671
-63.4672
-63.4673
-63.4674
-63.4675
-63.4676
-63.4677
-63.4678
-63.4679
-63.4679
-63.468
-63.4681
-63.4682
-63.4683
-63.4684
-63.4685
-63.4686
-63.4687
-63.4688
-63.4688
-63.4689
-63.469
-63.4691
-63.4692
-63.4693
-63.4694
-63.4694
-63.4695
-63.4696
-63.4697
-63.4698
-63.4698
-63.4699
-63.47
-63.4701
-63.4701
-63.4702
-63.4703
-63.4704
-63.4705
-63.4705
-63.4706
-63.4707
-63.4707
-63.4708
-63.4709
-63.471
-63.471
-63.4711
-63.4712
-63.4712
-63.4713
-63.4714
-63.4714
-63.4715
-63.4716
-63.4716
-63.4717
-63.4718
-63.4718
-63.4719
-63.4719
-63.472
-63.4721
-63.4721
-63.4722
-63.4722
-63.4723
-63.4724
-63.4724
-63.4725
-63.4725
-63.4726
-63.4726
-63.4727
-63.4728
-63.4728
-63.4729
-63.4729
-63.473
-63.473
-63.4731
-63.4731
-63.4732
-63.4732
-63.4733
-63.4733
-63.4734
-63.4734
-63.4735
-63.4735
-63.4736
-63.4736
-63.4737
-63.4737
-63.4737
-63.4738
-63.4738
-63.4739
-63.4739
-63.474
-63.474
-63.474
-63.4741
-63.4741
-63.4742
-63.4742
-63.4742
-63.4743
-63.4743
-63.4744
-63.4744
-63.4744
-63.4745
-63.4745
-63.4745
-63.4746
-63.4746
-63.4746
-63.4747
-63.4747
-63.4747
-63.4748
-63.4748
-63.4748
-63.4749
-63.4749
-63.4749
-63.4749
-63.475
-63.475
-63.475
-63.4751
-63.4751
-63.4751
-63.4751
-63.4752
-63.4752
-63.4752
-63.4752
-63.4753
-63.4753
-63.4753
-63.4753
-63.4754
-63.4754
-63.4754
-63.4754
-63.4754
-63.4755
-63.4755
-63.4755
-63.4755
-63.4755
-63.4756
-63.4756
-63.4756
-63.4756
-63.4756
-63.4757
-63.4757
-63.4757
-63.4757
-63.4757
-63.4757
-63.4757
-63.4758
-63.4758
-63.4758
-63.4758
-63.4758
-63.4758
-63.4758
-63.4758
-63.4759
-63.4759
-63.4759
-63.4759
-63.4759
-63.4759
-63.4759
-63.4759
-63.4759
-63.4759
-63.4759
-63.476
-63.476
-63.476
-63.476
-63.476
-63.476
-63.476
-63.476
-63.476
-63.476
-63.476
-63.476
-63.476
-63.476
-63.476
-63.476
-63.476
-63.476
-63.476
-63.476
-63.476
-63.476
-63.476
-63.476
-63.476
-63.476
-63.476
-63.476
-63.476
-63.476
-63.476
-63.476
-63.476
-63.476
-63.476
-63.476
-63.476
-63.476
-63.476
-63.476
-63.476
-63.4759
-63.4759
-63.4759
-63.4759
-63.4759
-63.4759
-63.4759
-63.4759
-63.4759
-63.4759
-63.4759
-63.4759
-63.4758
-63.4758
-63.4758
-63.4758
-63.4758
-63.4758
-63.4758
-63.4758
-63.4758
-63.4757
-63.4757
-63.4757
-63.4757
-63.4757
-63.4757
-63.4757
-63.4756
-63.4756
-63.4756
-63.4756
-63.4756
-63.4756
-63.4756
-63.4755
-63.4755
-63.4755
-63.4755
-63.4755
-63.4754
-63.4754
-63.4754
-63.4754
-63.4754
-63.4754
-63.4753
-63.4753
-63.4753
-63.4753
-63.4753
-63.4752
-63.4752
-63.4752
-63.4752
-63.4751
-63.4751
-63.4751
-63.4751
-63.4751
-63.475
-63.475
-63.475
-63.475
-63.4749
-63.4749
-63.4749
-63.4749
-63.4748
-63.4748
-63.4748
-63.4748
-63.4747
-63.4747
-63.4747
-63.4747
-63.4746
-63.4746
-63.4746
-63.4746
-63.4745
-63.4745
-63.4745
-63.4744
-63.4744
-63.4744
-63.4744
-63.4743
-63.4743
-63.4743
-63.4742
-63.4742
-63.4742
-63.4742
-63.4741
-63.4741
-63.4741
-63.474
-63.474
-63.474
-63.4739
-63.4739
-63.4739
-63.4738
-63.4738
-63.4738
-63.4737
-63.4737
-63.4737
-63.4736
-63.4736
-63.4736
-63.4735
-63.4735
-63.4735
-63.4734
-63.4734
-63.4734
-63.4733
-63.4733
-63.4733
-63.4732
-63.4732
-63.4731
-63.4731
-63.4731
-63.473
-63.473
-63.473
-63.4729
-63.4729
-63.4729
-63.4728
-63.4728
-63.4727
-63.4727
-63.4727
-63.4726
-63.4726
-63.4725
-63.4725
-63.4725
-63.4724
-63.4724
-63.4723
-63.4723
-63.4723
-63.4722
-63.4722
-63.4721
-63.4721
-63.4721
-63.472
-63.472
-63.4719
-63.4719
-63.4718
-63.4718
-63.4718
-63.4717
-63.4717
-63.4716
-63.4716
-63.4715
-63.4715
-63.4715
-63.4714
-63.4714
-63.4713
-63.4713
-63.4712
-63.4712
-63.4711
-63.4711
-63.4711
-63.471
-63.471
-63.4709
-63.4709
-63.4708
-63.4708
-63.4707
-63.4707
-63.4706
-63.4706
-63.4706
-63.4705
-63.4705
-63.4704
-63.4704
-63.4703
-63.4703
-63.4702
-63.4702
-63.4701
-63.4701
-63.47
-63.47
-63.4699
-63.4699
-63.4698
-63.4698
-63.4697
-63.4697
-63.4696
-63.4696
-63.4695
-63.4695
-63.4694
-63.4694
-63.4693
-63.4693
-63.4692
-63.4692
-63.4691
-63.4691
-63.469
-63.469
-63.4689
-63.4689
-63.4688
-63.4688
-63.4687
-63.4687
-63.4686
-63.4686
-63.4685
-63.4685
-63.4684
-63.4684
-63.4683
-63.4682
-63.4682
-63.4681
-63.4681
-63.468
-63.468
-63.4679
-63.4679
-63.4678
-63.4678
-63.4677
-63.4677
-63.4676
-63.4675
-63.4675
-63.4674
-63.4674
-63.4673
-63.4673
-63.4672
-63.4672
-63.4671
-63.4671
-63.467
-63.4669
-63.4669
-63.4668
-63.4668
-63.4667
-63.4667
-63.4666
-63.4665
-63.4665
-63.4664
-63.4664
-63.4663
-63.4663
-63.4662
-63.4661
-63.4661
-63.466
-63.466
-63.4659
-63.4659
-63.4658
-63.4657
-63.4657
-63.4656
-63.4656
-63.4655
-63.4655
-63.4654
-63.4653
-63.4653
-63.4652
-63.4652
-63.4651
-63.465
-63.465
-63.4649
-63.4649
-63.4648
-63.4647
-63.4647
-63.4646
-63.4646
-63.4645
-63.4644
-63.4644
-63.4643
-63.4643
-63.4642
-63.4641
-63.4641
-63.464
-63.464
-63.4639
-63.4638
-63.4638
-63.4637
-63.4637
-63.4636
-63.4635
-63.4635
-63.4634
-63.4634
-63.4633
-63.4632
-63.4632
-63.4631
-63.463
-63.463
-63.4629
-63.4629
-63.4628
-63.4627
-63.4627
-63.4626
-63.4625
-63.4625
-63.4624
-63.4624
-63.4623
-63.4622
-63.4622
-63.4621
-63.462
-63.462
-63.4619
-63.4618
-63.4618
-63.4617
-63.4617
-63.4616
-63.4615
-63.4615
-63.4614
-63.4613
-63.4613
-63.4612
-63.4611
-63.4611
-63.461
-63.461
-63.4609
-63.4608
-63.4608
-63.4607
-63.4606
-63.4606
-63.4605
-63.4604
-63.4604
-63.4603
-63.4602
-63.4602
-63.4601
-63.46
-63.46
-63.4599
-63.4598
-63.4598
-63.4597
-63.4596
-63.4596
-63.4595
-63.4594
-63.4594
-63.4593
-63.4592
-63.4592
-63.4591
-63.4591
-63.459
-63.4589
-63.4589
-63.4588
-63.4587
-63.4587
-63.4586
-63.4585
-63.4584
-63.4584
-63.4583
-63.4582
-63.4582
-63.4581
-63.458
-63.458
-63.4579
-63.4578
-63.4578
-63.4577
-63.4576
-63.4576
-63.4575
-63.4574
-63.4574
-63.4573
-63.4572
-63.4572
-63.4571
-63.457
-63.457
-63.4569
-63.4568
-63.4568
-63.4567
-63.4566
-63.4566
-63.4565
-63.4564
-63.4563
-63.4563
-63.4562
-63.4561
-63.4561
-63.456
-63.4559
-63.4559
-63.4558
-63.4557
-63.4557
-63.4556
-63.4555
-63.4555
-63.4554
-63.4553
-63.4552
-63.4552
-63.4551
-63.455
-63.455
-63.4549
-63.4548
-63.4548
-63.4547
-63.4546
-63.4545
-63.4545
-63.4544
-63.4543
-63.4543
-63.4542
-63.4541
-63.4541
-63.454
-63.4539
-63.4538
-63.4538
-63.4537
-63.4536
-63.4536
-63.4535
-63.4534
-63.4534
-63.4533
-63.4532
-63.4531
-63.4531
-63.453
-63.4529
-63.4529
-63.4528
-63.4527
-63.4526
-63.4526
-63.4525
-63.4524
-63.4524
-63.4523
-63.4522
-63.4522
-63.4521
-63.452
-63.4519
-63.4519
-63.4518
-63.4517
-63.4517
-63.4516
-63.4515
-63.4514
-63.4514
-63.4513
-63.4512
-63.4512
-63.4511
-63.451
-63.4509
-63.4509
-63.4508
-63.4507
-63.4507
-63.4506
-63.4505
-63.4504
-63.4504
-63.4503
-63.4502
-63.4501
-63.4501
-63.45
-63.4499
-63.4499
-63.4498
-63.4497
-63.4496
-63.4496
-63.4495
-63.4494
-63.4494
-63.4493
-63.4492
-63.4491
-63.4491
-63.449
-63.4489
-63.4488
-63.4488
-63.4487
-63.4486
-63.4486
-63.4485
-63.4484
-63.4483
-63.4483
-63.4482
-63.4481
-63.448
-63.448
-63.4479
-63.4478
-63.4478
-63.4477
-63.4476
-63.4475
-63.4475
-63.4474
-63.4473
-63.4472
-63.4472
-63.4471
-63.447
-63.447
-63.4469
-63.4468
-63.4467
-63.4467
-63.4466
-63.4465
-63.4464
-63.4464
-63.4463
-63.4462
-63.4462
-63.4461
-63.446
-63.4459
-63.4459
-63.4458
-63.4457
-63.4456
-63.4456
-63.4455
-63.4454
-63.4453
-63.4453
-63.4452
-63.4451
-63.445
-63.445
-63.4449
-63.4448
-63.4448
-63.4447
-63.4446
-63.4445
-63.4445
-63.4444
-63.4443
-63.4442
-63.4442
-63.4441
-63.444
-63.4439
-63.4439
-63.4438
-63.4437
-63.4436
-63.4436
-63.4435
-63.4434
-63.4434
-63.4433
-63.4432
-63.4431
-63.4431
-63.443
-63.4429
-63.4428
-63.4428
-63.4427
-63.4426
-63.4425
-63.4425
-63.4424
-63.4423
-63.4422
-63.4422
-63.4421
-63.442
-63.4419
-63.4419
-63.4418
-63.4417
-63.4417
-63.4416
-63.4415
-63.4414
-63.4414
-63.4413
-63.4412
-63.4411
-63.4411
-63.441
-63.4409
-63.4408
-63.4408
-63.4407
-63.4406
-63.4405
-63.4405
-63.4404
-63.4403
-63.4402
-63.4402
-63.4401
-63.44
-63.4399
-63.4399
-63.4398
-63.4397
-63.4396
-63.4396
-63.4395
-63.4394
-63.4393
-63.4393
-63.4392
-63.4391
-63.4391
-63.439
-63.4389
-63.4388
-63.4388
-63.4387
-63.4386
-63.4385
-63.4385
-63.4384
-63.4383
-63.4382
-63.4382
-63.4381
-63.438
-63.4379
-63.4379
-63.4378
-63.4377
-63.4376
-63.4376
-63.4375
-63.4374
-63.4373
-63.4373
-63.4372
-63.4371
-63.437
-63.437
-63.4369
-63.4368
-63.4367
-63.4367

